0.47035573122529645
0.045454545454545456
0.3557312252964427
0.04940711462450593
0.019762845849802372
0.007905138339920948
0.04743083003952569
0.009881422924901186
0.009881422924901186
0.009881422924901186
0.018774703557312252
0.00691699604743083
0.12450592885375494
0.019762845849802372
0.009881422924901186
0.009881422924901186
0.09486166007905138
0.019762845849802372
0.04940711462450593
0.10869565217391304
0.0009881422924901185
0.009881422924901186
0.019762845849802372
0.02865612648221344
0.009881422924901186
0.018774703557312252
0.06620553359683795
0.009881422924901186
0.019762845849802372
0.0266798418972332
0.009881422924901186
0.007905138339920948
0.020750988142292492
0.009881422924901186
0.12845849802371542
0.039525691699604744
0.3290513833992095
0.019762845849802372
0.16600790513833993
0.009881422924901186
0.11758893280632411
0.0958498023715415
0.12648221343873517
0.019762845849802372
0.04940711462450593
0.009881422924901186
0.039525691699604744
0.06719367588932806
0.49209486166007904
0.009881422924901186
0.009881422924901186
0.024703557312252964
0.025691699604743084
0.05928853754940711
0.001976284584980237
0.019762845849802372
0.03458498023715415
0.08794466403162056
0.04841897233201581
0.009881422924901186
0.0691699604743083
0.011857707509881422
0.008893280632411068
0.05928853754940711
0.07707509881422925
0.009881422924901186
0.039525691699604744
0.009881422924901186
0.009881422924901186
0.029644268774703556
0.009881422924901186
0.009881422924901186
0.10770750988142293
0.009881422924901186
0.0266798418972332
0.02865612648221344
0.043478260869565216
0.009881422924901186
0.009881422924901186
0.023715415019762844
0.11857707509881422
0.05237154150197629
0.07905138339920949
0.029644268774703556
0.009881422924901186
0.029644268774703556
0.009881422924901186
0.11758893280632411
0.009881422924901186
0.45948616600790515
0.05928853754940711
0.0009881422924901185
0.0009881422924901185
0.029644268774703556
0.04841897233201581
0.009881422924901186
0.039525691699604744
0.009881422924901186
0.029644268774703556
0.015810276679841896
0.009881422924901186
0.04940711462450593
0.009881422924901186
0.014822134387351778
0.02865612648221344
0.19367588932806323
0.10770750988142293
0.30632411067193677
0.009881422924901186
0.019762845849802372
0.04940711462450593
0.04940711462450593
0.019762845849802372
0.007905138339920948
0.009881422924901186
0.019762845849802372
0.009881422924901186
0.039525691699604744
0.10177865612648221
0.019762845849802372
0.019762845849802372
0.007905138339920948
0.00691699604743083
0.4654150197628458
0.09782608695652174
0.17490118577075098
0.05533596837944664
0.009881422924901186
0.04940711462450593
0.009881422924901186
0.009881422924901186
0.04940711462450593
0.48320158102766797
0.003952569169960474
0.009881422924901186
0.009881422924901186
0.05928853754940711
0.0009881422924901185
0.08596837944664032
0.05928853754940711
0.029644268774703556
0.009881422924901186
0.04940711462450593
0.1067193675889328
0.15019762845849802
0.029644268774703556
0.009881422924901186
0.009881422924901186
0.019762845849802372
0.019762845849802372
0.009881422924901186
0.12845849802371542
0.019762845849802372
0.0009881422924901185
0.040513833992094864
0.037549407114624504
0.008893280632411068
0.009881422924901186
0.019762845849802372
0.04841897233201581
0.009881422924901186
0.00691699604743083
0.019762845849802372
0.019762845849802372
0.009881422924901186
0.009881422924901186
0.03260869565217391
0.009881422924901186
0.16798418972332016
0.046442687747035576
0.07707509881422925
0.037549407114624504
0.23715415019762845
0.10177865612648221
0.0741106719367589
0.009881422924901186
0.02865612648221344
0.009881422924901186
0.009881422924901186
0.010869565217391304
0.004940711462450593
0.009881422924901186
0.0691699604743083
0.009881422924901186
0.0009881422924901185
0.12055335968379446
0.0029644268774703555
0.18280632411067194
0.01383399209486166
0.09881422924901186
0.009881422924901186
0.040513833992094864
0.03557312252964427
0.04940711462450593
0.007905138339920948
0.003952569169960474
0.4891304347826087
0.0009881422924901185
0.015810276679841896
0.039525691699604744
0.02865612648221344
0.019762845849802372
0.009881422924901186
0.011857707509881422
0.019762845849802372
0.03359683794466403
0.04743083003952569
0.13537549407114624
0.009881422924901186
0.02766798418972332
0.04940711462450593
0.029644268774703556
0.17786561264822134
0.009881422924901186
0.018774703557312252
0.11857707509881422
0.009881422924901186
0.0533596837944664
0.1383399209486166
0.16699604743083005
0.009881422924901186
0.05928853754940711
0.019762845849802372
0.009881422924901186
0.015810276679841896
0.009881422924901186
0.009881422924901186
0.358695652173913
0.029644268774703556
0.05928853754940711
0.009881422924901186
0.1383399209486166
0.05928853754940711
0.04743083003952569
0.0009881422924901185
0.029644268774703556
0.009881422924901186
0.009881422924901186
0.16798418972332016
0.019762845849802372
0.009881422924901186
0.039525691699604744
0.16699604743083005
0.07905138339920949
0.009881422924901186
0.06027667984189723
0.038537549407114624
0.009881422924901186
0.009881422924901186
0.043478260869565216
0.05928853754940711
0.009881422924901186
0.009881422924901186
0.029644268774703556
0.009881422924901186
0.48616600790513836
0.009881422924901186
0.07905138339920949
0.044466403162055336
0.009881422924901186
0.008893280632411068
0.05237154150197629
0.009881422924901186
0.10869565217391304
0.11857707509881422
0.019762845849802372
0.009881422924901186
0.046442687747035576
0.05928853754940711
0.019762845849802372
0.0958498023715415
0.05928853754940711
0.029644268774703556
0.029644268774703556
0.07905138339920949
0.1551383399209486
0.14525691699604742
0.05928853754940711
0.017786561264822136
0.09881422924901186
0.007905138339920948
0.009881422924901186
0.039525691699604744
0.022727272727272728
0.24604743083003952
0.029644268774703556
0.019762845849802372
0.019762845849802372
0.1808300395256917
0.02865612648221344
0.009881422924901186
0.09881422924901186
0.019762845849802372
0.008893280632411068
0.029644268774703556
0.039525691699604744
0.009881422924901186
0.116600790513834
0.05533596837944664
0.009881422924901186
0.019762845849802372
0.09189723320158102
0.05039525691699605
0.039525691699604744
0.08596837944664032
0.039525691699604744
0.009881422924901186
0.06027667984189723
0.009881422924901186
0.019762845849802372
0.009881422924901186
0.046442687747035576
0.12648221343873517
0.09683794466403162
0.2519762845849802
0.019762845849802372
0.0009881422924901185
0.009881422924901186
0.04940711462450593
0.0533596837944664
0.044466403162055336
0.018774703557312252
0.039525691699604744
0.009881422924901186
0.46047430830039526
0.1482213438735178
0.10869565217391304
0.018774703557312252
0.009881422924901186
0.019762845849802372
0.13339920948616601
0.0009881422924901185
0.00691699604743083
0.009881422924901186
0.009881422924901186
0.029644268774703556
0.009881422924901186
0.037549407114624504
0.011857707509881422
0.01383399209486166
0.005928853754940711
0.05928853754940711
0.019762845849802372
0.029644268774703556
0.016798418972332016
0.039525691699604744
0.009881422924901186
0.019762845849802372
0.029644268774703556
0.009881422924901186
0.009881422924901186
0.009881422924901186
0.009881422924901186
0.24604743083003952
0.02766798418972332
0.009881422924901186
0.27865612648221344
0.15019762845849802
0.029644268774703556
0.009881422924901186
0.009881422924901186
0.009881422924901186
0.0958498023715415
0.08596837944664032
0.009881422924901186
0.009881422924901186
0.009881422924901186
0.014822134387351778
0.029644268774703556
0.009881422924901186
0.009881422924901186
0.039525691699604744
0.017786561264822136
0.009881422924901186
0.05138339920948617
0.15810276679841898
0.019762845849802372
0.029644268774703556
0.019762845849802372
0.019762845849802372
0.009881422924901186
0.009881422924901186
0.024703557312252964
0.019762845849802372
0.039525691699604744
0.04940711462450593
0.08992094861660078
0.009881422924901186
0.019762845849802372
0.009881422924901186
0.1225296442687747
0.003952569169960474
0.009881422924901186
0.0800395256916996
0.0009881422924901185
0.2826086956521739
0.008893280632411068
0.038537549407114624
0.024703557312252964
0.029644268774703556
0.009881422924901186
0.009881422924901186
0.07905138339920949
0.04940711462450593
0.019762845849802372
0.009881422924901186
0.009881422924901186
0.037549407114624504
0.046442687747035576
0.2707509881422925
0.02865612648221344
0.009881422924901186
0.009881422924901186
0.11561264822134387
0.26383399209486164
0.4881422924901186
0.009881422924901186
0.06422924901185771
0.009881422924901186
0.044466403162055336
0.019762845849802372
0.009881422924901186
0.009881422924901186
0.02865612648221344
0.009881422924901186
0.009881422924901186
0.31620553359683795
0.019762845849802372
0.009881422924901186
0.15612648221343872
0.019762845849802372
0.037549407114624504
0.015810276679841896
0.009881422924901186
0.005928853754940711
0.04841897233201581
0.009881422924901186
0.019762845849802372
0.04940711462450593
0.4407114624505929
0.019762845849802372
0.007905138339920948
0.48122529644268774
0.32608695652173914
0.17588932806324112
0.004940711462450593
0.009881422924901186
0.009881422924901186
0.016798418972332016
0.07806324110671936
0.038537549407114624
0.029644268774703556
0.009881422924901186
0.009881422924901186
0.05928853754940711
0.019762845849802372
0.009881422924901186
0.05039525691699605
0.009881422924901186
0.009881422924901186
0.019762845849802372
0.04743083003952569
0.029644268774703556
0.029644268774703556
0.029644268774703556
0.008893280632411068
0.018774703557312252
0.009881422924901186
0.009881422924901186
0.019762845849802372
0.11363636363636363
0.058300395256917
0.10869565217391304
0.009881422924901186
0.009881422924901186
0.004940711462450593
0.009881422924901186
0.2025691699604743
0.07806324110671936
0.019762845849802372
0.00691699604743083
0.09881422924901186
0.036561264822134384
0.009881422924901186
0.009881422924901186
0.1907114624505929
0.009881422924901186
0.07806324110671936
0.08695652173913043
0.4881422924901186
0.029644268774703556
0.04940711462450593
0.009881422924901186
0.011857707509881422
0.019762845849802372
0.40810276679841895
0.009881422924901186
0.0741106719367589
0.029644268774703556
0.009881422924901186
0.009881422924901186
0.029644268774703556
0.019762845849802372
0.10869565217391304
0.029644268774703556
0.019762845849802372
0.009881422924901186
0.20454545454545456
0.019762845849802372
0.009881422924901186
0.009881422924901186
0.03162055335968379
0.009881422924901186
0.009881422924901186
0.009881422924901186
0.009881422924901186
0.039525691699604744
0.07905138339920949
0.09486166007905138
0.039525691699604744
0.009881422924901186
0.009881422924901186
0.25592885375494073
0.019762845849802372
0.019762845849802372
0.007905138339920948
0.05928853754940711
0.038537549407114624
0.16798418972332016
0.019762845849802372
0.008893280632411068
0.009881422924901186
0.009881422924901186
0.014822134387351778
0.009881422924901186
0.058300395256917
0.009881422924901186
0.019762845849802372
0.06719367588932806
0.04940711462450593
0.12944664031620554
0.039525691699604744
0.039525691699604744
0.4851778656126482
0.0533596837944664
0.019762845849802372
0.014822134387351778
0.029644268774703556
0.3359683794466403
0.029644268774703556
0.009881422924901186
0.004940711462450593
0.039525691699604744
0.019762845849802372
0.07707509881422925
0.04743083003952569
0.009881422924901186
0.05928853754940711
0.12154150197628459
0.04940711462450593
0.009881422924901186
0.00691699604743083
0.009881422924901186
0.48122529644268774
0.029644268774703556
0.46936758893280633
0.009881422924901186
0.016798418972332016
0.07015810276679842
0.009881422924901186
0.009881422924901186
0.009881422924901186
0.07707509881422925
0.4505928853754941
0.12845849802371542
0.009881422924901186
0.009881422924901186
0.4140316205533597
0.009881422924901186
0.009881422924901186
0.019762845849802372
0.019762845849802372
0.07905138339920949
0.008893280632411068
0.009881422924901186
0.29347826086956524
0.029644268774703556
0.17786561264822134
0.009881422924901186
0.0009881422924901185
0.37351778656126483
0.009881422924901186
0.019762845849802372
0.009881422924901186
0.019762845849802372
0.019762845849802372
0.009881422924901186
0.029644268774703556
0.06719367588932806
0.007905138339920948
0.45849802371541504
0.019762845849802372
0.34288537549407117
0.019762845849802372
0.030632411067193676
0.009881422924901186
0.022727272727272728
0.05928853754940711
0.019762845849802372
0.009881422924901186
0.008893280632411068
0.009881422924901186
0.039525691699604744
0.05928853754940711
0.07905138339920949
0.009881422924901186
0.008893280632411068
0.00691699604743083
0.019762845849802372
0.029644268774703556
0.009881422924901186
0.019762845849802372
0.07905138339920949
0.1274703557312253
0.039525691699604744
0.1442687747035573
0.00691699604743083
0.036561264822134384
0.11857707509881422
0.00691699604743083
0.3695652173913043
0.009881422924901186
0.009881422924901186
0.019762845849802372
0.00691699604743083
0.019762845849802372
0.06422924901185771
0.019762845849802372
0.009881422924901186
0.009881422924901186
0.05928853754940711
0.009881422924901186
0.029644268774703556
0.024703557312252964
0.030632411067193676
0.05632411067193676
0.029644268774703556
0.10869565217391304
0.019762845849802372
0.039525691699604744
0.00691699604743083
0.019762845849802372
0.009881422924901186
0.009881422924901186
0.21146245059288538
0.039525691699604744
