0.01676829268292683
0.01524390243902439
0.028963414634146343
0.027439024390243903
0.13414634146341464
0.01524390243902439
0.01524390243902439
0.03048780487804878
0.1524390243902439
0.01524390243902439
0.04420731707317073
0.9451219512195121
0.13719512195121952
0.013719512195121951
0.01524390243902439
0.03048780487804878
0.03048780487804878
0.03048780487804878
0.11585365853658537
0.01524390243902439
0.04573170731707317
0.07621951219512195
0.009146341463414634
0.038109756097560975
0.4176829268292683
0.03048780487804878
0.21341463414634146
0.01524390243902439
0.03048780487804878
0.01524390243902439
0.01524390243902439
0.09146341463414634
0.12804878048780488
0.03201219512195122
0.21341463414634146
0.041158536585365856
0.04420731707317073
0.04573170731707317
0.03048780487804878
0.01524390243902439
0.03048780487804878
0.053353658536585365
0.013719512195121951
0.01524390243902439
0.012195121951219513
0.01524390243902439
0.01524390243902439
0.01524390243902439
0.01524390243902439
0.01524390243902439
0.01524390243902439
0.04420731707317073
0
0.042682926829268296
0.01524390243902439
0.01524390243902439
0.03048780487804878
0.028963414634146343
0.01524390243902439
0.09146341463414634
0.041158536585365856
0.001524390243902439
0.042682926829268296
0.1173780487804878
0.013719512195121951
0.03048780487804878
0.042682926829268296
0.03048780487804878
0.22713414634146342
0.01524390243902439
0.03048780487804878
0.06707317073170732
0.01524390243902439
0.01524390243902439
0.01524390243902439
0.004573170731707317
0.03048780487804878
0
0.19817073170731708
0.01524390243902439
0.013719512195121951
0.08689024390243902
0.01524390243902439
0.012195121951219513
0.09603658536585366
0.01524390243902439
0.01524390243902439
0.028963414634146343
0.01524390243902439
0.03048780487804878
0.6448170731707317
0.053353658536585365
0.04573170731707317
0.01524390243902439
0.004573170731707317
0.03048780487804878
0.01524390243902439
0.01524390243902439
0.38109756097560976
0.01524390243902439
0.01524390243902439
0.07621951219512195
0.01524390243902439
0.01524390243902439
0.04420731707317073
0.01524390243902439
0.01524390243902439
0.07621951219512195
0.06097560975609756
0.13719512195121952
0.021341463414634148
0.01524390243902439
0.03048780487804878
0.01524390243902439
0.08689024390243902
0.01524390243902439
0.06097560975609756
0.013719512195121951
0.01524390243902439
0.03048780487804878
0.01524390243902439
0.125
0.05030487804878049
1.0518292682926829
0.01524390243902439
0.0625
0.056402439024390245
0.03048780487804878
0.03048780487804878
0.01524390243902439
0.03048780487804878
0.04573170731707317
0.01524390243902439
0.01524390243902439
0.0350609756097561
0.01524390243902439
0.03048780487804878
0.01524390243902439
0.01524390243902439
0.13719512195121952
0.039634146341463415
0.03048780487804878
0.013719512195121951
0.013719512195121951
0.03048780487804878
0.01524390243902439
0.03048780487804878
0.07621951219512195
0.01676829268292683
0
0.04725609756097561
0.01524390243902439
0.01524390243902439
0.08536585365853659
1.0975609756097562
0.03048780487804878
0.01524390243902439
0.08841463414634146
0.0899390243902439
0.04573170731707317
0.03048780487804878
0.027439024390243903
0.03048780487804878
0.10518292682926829
0.03048780487804878
0.01524390243902439
0.13871951219512196
0.09146341463414634
0.01524390243902439
0.057926829268292686
0.01524390243902439
0.028963414634146343
0.01524390243902439
0.003048780487804878
0.01524390243902439
0.04573170731707317
0.04573170731707317
0.04420731707317073
0.012195121951219513
0.01524390243902439
0.01524390243902439
0.01524390243902439
0.03048780487804878
0.01524390243902439
0.01524390243902439
0.01524390243902439
0.06097560975609756
0.001524390243902439
0.06097560975609756
0.006097560975609756
0.03048780487804878
0.03048780487804878
0.01524390243902439
0.01524390243902439
0.027439024390243903
0.06097560975609756
0.01524390243902439
0.013719512195121951
0.01524390243902439
0.01524390243902439
0.004573170731707317
0.04573170731707317
0.01524390243902439
0.01524390243902439
0.01524390243902439
0.01524390243902439
0.01524390243902439
0.24390243902439024
0.1524390243902439
0.04573170731707317
0.01524390243902439
0.006097560975609756
0.01524390243902439
0.07621951219512195
0.01524390243902439
0.03048780487804878
0.06097560975609756
0.01524390243902439
0.01524390243902439
0.19817073170731708
0.08384146341463415
0.04420731707317073
0.01524390243902439
0.01524390243902439
0.01524390243902439
0.04573170731707317
0.04573170731707317
0.01524390243902439
0.039634146341463415
0.01524390243902439
0.19817073170731708
0.01524390243902439
0.01524390243902439
0.01524390243902439
0.06097560975609756
0.04573170731707317
0.04573170731707317
0.03048780487804878
0.06097560975609756
0.021341463414634148
0.04573170731707317
0.18292682926829268
0.01524390243902439
0.25914634146341464
0.009146341463414634
0.01524390243902439
0.01524390243902439
0.07621951219512195
0.03048780487804878
0.01524390243902439
3.1875
0.01524390243902439
0.09146341463414634
0.01524390243902439
0.01524390243902439
0.01524390243902439
0.01524390243902439
0.025914634146341462
0.01524390243902439
0.01524390243902439
0.07621951219512195
0.12957317073170732
0.041158536585365856
0.01524390243902439
0.29573170731707316
0.01524390243902439
0.04573170731707317
0.01524390243902439
0.01524390243902439
0.04573170731707317
0.03048780487804878
0.028963414634146343
0.01524390243902439
0.01524390243902439
0.06097560975609756
0.01524390243902439
0.04573170731707317
0.01524390243902439
0.04420731707317073
0.01524390243902439
0.012195121951219513
0.01524390243902439
0.01524390243902439
0.01524390243902439
0.013719512195121951
0.01524390243902439
0.01524390243902439
0.038109756097560975
0.01524390243902439
0.4268292682926829
0.01524390243902439
0.01524390243902439
0.022865853658536585
0.03048780487804878
0.06097560975609756
0.01524390243902439
0.03048780487804878
0.0625
0.01524390243902439
0.01524390243902439
0.13719512195121952
0.12195121951219512
0.01524390243902439
0.01524390243902439
0.03048780487804878
0.01524390243902439
0.01524390243902439
0.053353658536585365
0.001524390243902439
0.01524390243902439
1.173780487804878
0.3201219512195122
0.01524390243902439
0.006097560975609756
0.09146341463414634
0.01524390243902439
0.15091463414634146
0.03048780487804878
0.06097560975609756
0.09146341463414634
0.01524390243902439
0.027439024390243903
0.01524390243902439
0.06859756097560976
0.01524390243902439
0.04573170731707317
0.03048780487804878
0.03048780487804878
0.01524390243902439
0.01524390243902439
0.04573170731707317
0.01524390243902439
0.028963414634146343
0.01524390243902439
0.01524390243902439
0.028963414634146343
0.01524390243902439
0.13871951219512196
0.12195121951219512
0.03048780487804878
0.01524390243902439
0.05945121951219512
0.03048780487804878
0.04573170731707317
0.01524390243902439
0.01524390243902439
0.03048780487804878
0.03048780487804878
0.09146341463414634
0.012195121951219513
0.01524390243902439
0.2896341463414634
0.006097560975609756
0.01524390243902439
0.03048780487804878
0.01524390243902439
0.03048780487804878
0.01524390243902439
0.07621951219512195
0.01524390243902439
0.07926829268292683
0.03048780487804878
0.04573170731707317
0.01524390243902439
0.06097560975609756
0.12195121951219512
0.01524390243902439
0.04573170731707317
0.08841463414634146
0.21036585365853658
0.001524390243902439
0.03048780487804878
0.01524390243902439
0.01524390243902439
0.04573170731707317
0.03048780487804878
0.01524390243902439
0.01524390243902439
0.1173780487804878
0.04573170731707317
0.03048780487804878
0.10060975609756098
0.03048780487804878
0.01524390243902439
0.04573170731707317
0.06554878048780488
0.0625
0.03048780487804878
0.01524390243902439
0.01524390243902439
0.012195121951219513
0.013719512195121951
0.038109756097560975
0.01524390243902439
0.04878048780487805
0.056402439024390245
0.10670731707317073
0.01524390243902439
0.04573170731707317
0.038109756097560975
0.013719512195121951
0.012195121951219513
0.08079268292682927
0.03048780487804878
0.01524390243902439
0.01524390243902439
0.01524390243902439
0.01524390243902439
0.01524390243902439
0.1524390243902439
0.027439024390243903
0.01524390243902439
0.013719512195121951
0.01524390243902439
0.03048780487804878
0.028963414634146343
0.06097560975609756
0.09603658536585366
0.1402439024390244
0.03048780487804878
0.01524390243902439
0.01524390243902439
0.01524390243902439
0.25914634146341464
0.04420731707317073
0.01524390243902439
0.03048780487804878
0.01524390243902439
0.03048780487804878
0.01524390243902439
0.04573170731707317
0.09146341463414634
0.01524390243902439
0.03048780487804878
0.012195121951219513
0.01524390243902439
0.053353658536585365
0.03048780487804878
0.001524390243902439
0.01524390243902439
0.01524390243902439
0.03048780487804878
0.03353658536585366
0.3201219512195122
0.06097560975609756
0.041158536585365856
0.01676829268292683
0.06097560975609756
0.03048780487804878
0.39634146341463417
0.036585365853658534
0.01524390243902439
0.07621951219512195
0.028963414634146343
0.01524390243902439
0.03048780487804878
0.01524390243902439
0.041158536585365856
0.03048780487804878
0.01524390243902439
0.013719512195121951
0.06097560975609756
0.028963414634146343
0.12195121951219512
0.013719512195121951
0.06097560975609756
0.01524390243902439
0.04573170731707317
0.01524390243902439
0.04573170731707317
0.01524390243902439
0.01524390243902439
0.01524390243902439
0.03048780487804878
0.01524390243902439
0.06097560975609756
0.022865853658536585
0.01524390243902439
0.08384146341463415
0.006097560975609756
0.04573170731707317
0.01524390243902439
0.042682926829268296
0.01524390243902439
0.01524390243902439
0.03048780487804878
0.01524390243902439
0.03048780487804878
0.027439024390243903
0.01524390243902439
0.03048780487804878
0.711890243902439
0.01524390243902439
0.01524390243902439
0.7926829268292683
0.03048780487804878
0.03048780487804878
0.06097560975609756
0.04573170731707317
0.01524390243902439
0.01524390243902439
0.01524390243902439
0.12652439024390244
0.06097560975609756
0.03048780487804878
0.01524390243902439
0.2423780487804878
0.04573170731707317
0.01524390243902439
0.01524390243902439
0.01524390243902439
0.01524390243902439
0.01524390243902439
0.03048780487804878
0.04573170731707317
0.03048780487804878
0.1524390243902439
0.0350609756097561
0.01524390243902439
0.04573170731707317
0.01524390243902439
0.01524390243902439
0.010670731707317074
0.01524390243902439
0.09146341463414634
0.01524390243902439
0.04573170731707317
0.013719512195121951
0.01524390243902439
0.04573170731707317
0.1676829268292683
0.01524390243902439
0.01524390243902439
0.03048780487804878
0.06097560975609756
0.01524390243902439
0.06859756097560976
0.0625
0.03048780487804878
0.07621951219512195
0.01524390243902439
0.013719512195121951
0.07621951219512195
0.03048780487804878
0.04573170731707317
0.01524390243902439
0.01524390243902439
0.07621951219512195
0.05945121951219512
0.7621951219512195
0.01524390243902439
0.07469512195121951
0.01524390243902439
0.01524390243902439
0.01524390243902439
0.01524390243902439
0.01524390243902439
0.04573170731707317
0.041158536585365856
0.04573170731707317
0.10975609756097561
0.013719512195121951
0.01524390243902439
0.041158536585365856
0.03048780487804878
0.13871951219512196
0.27439024390243905
0.06097560975609756
0.01524390243902439
0.01524390243902439
0.10365853658536585
0.01524390243902439
0.35823170731707316
0.012195121951219513
0.06097560975609756
0.0625
0.01524390243902439
0.01524390243902439
0.03048780487804878
0.01524390243902439
0.4847560975609756
0.01524390243902439
0.06097560975609756
0.01524390243902439
0.13719512195121952
0.01524390243902439
0.17378048780487804
0.01524390243902439
0.01524390243902439
0.01524390243902439
0.001524390243902439
0.01524390243902439
0.01524390243902439
0.04420731707317073
0.01524390243902439
0.06097560975609756
0.04573170731707317
0.027439024390243903
0.04573170731707317
0.09146341463414634
0.04725609756097561
0.04573170731707317
0.01524390243902439
0.03048780487804878
0.001524390243902439
0.06097560975609756
0.03048780487804878
0.03048780487804878
0.01524390243902439
0.04420731707317073
0.2347560975609756
0.08689024390243902
0.03048780487804878
0.027439024390243903
0.007621951219512195
0.01524390243902439
0.4725609756097561
0.03201219512195122
0.03048780487804878
0.01524390243902439
0.04573170731707317
0.10670731707317073
0.03048780487804878
0.06097560975609756
0.013719512195121951
0.09146341463414634
0.01524390243902439
0.04573170731707317
0.07317073170731707
0.03048780487804878
0.01524390243902439
0.09146341463414634
0.010670731707317074
0.06097560975609756
0.01524390243902439
0.01524390243902439
0.03048780487804878
0.01524390243902439
0.01524390243902439
0.013719512195121951
0.03048780487804878
0.03048780487804878
0.06097560975609756
0.03048780487804878
0.01524390243902439
0.01524390243902439
0.012195121951219513
0.06097560975609756
0.028963414634146343
0.03048780487804878
0.01524390243902439
0.19969512195121952
0.01524390243902439
0.05945121951219512
0.01524390243902439
0.001524390243902439
0.01524390243902439
0.03048780487804878
0.01524390243902439
0.1676829268292683
0.01524390243902439
0.01524390243902439
0.01524390243902439
0.028963414634146343
0.013719512195121951
0.4923780487804878
0.01524390243902439
0.03048780487804878
0.013719512195121951
0.01524390243902439
0.01524390243902439
0.004573170731707317
0.01524390243902439
0.06097560975609756
0.01524390243902439
0.16463414634146342
0.01524390243902439
0.01524390243902439
0.01524390243902439
0.21341463414634146
0.01524390243902439
0.09298780487804878
0.03048780487804878
0.01524390243902439
0.010670731707317074
0.01524390243902439
0.021341463414634148
0.01524390243902439
0.03048780487804878
0.01524390243902439
0.04878048780487805
0.13414634146341464
0.09146341463414634
0.10823170731707317
0.04573170731707317
0.07164634146341463
0.04573170731707317
0.01524390243902439
0.01524390243902439
0.03048780487804878
0.001524390243902439
0.01524390243902439
0.01524390243902439
0.01524390243902439
0.01524390243902439
0.04573170731707317
0.03353658536585366
0.01524390243902439
0.10670731707317073
0.01524390243902439
0.01524390243902439
0.057926829268292686
0.03048780487804878
0.03201219512195122
0.03048780487804878
0.01524390243902439
0.10518292682926829
0.06097560975609756
0.07621951219512195
0.03048780487804878
0.04573170731707317
0.3048780487804878
0.01524390243902439
0.01524390243902439
0.006097560975609756
0.04573170731707317
0.07621951219512195
0.12804878048780488
0.022865853658536585
0.01524390243902439
0.09146341463414634
0.35060975609756095
0.01524390243902439
0.01524390243902439
0.027439024390243903
0.06097560975609756
0.03048780487804878
0.01524390243902439
0.03048780487804878
0.028963414634146343
0.001524390243902439
0.03048780487804878
0.06554878048780488
0.07621951219512195
0.01524390243902439
0.15853658536585366
0.021341463414634148
0.03048780487804878
0.01524390243902439
0.01524390243902439
0.004573170731707317
0.07621951219512195
0.04573170731707317
0.09146341463414634
0.03048780487804878
0.01524390243902439
0.22408536585365854
0.01524390243902439
0.01524390243902439
0.01676829268292683
0.042682926829268296
0.06097560975609756
0.013719512195121951
0.01524390243902439
0.07621951219512195
0.01524390243902439
0.913109756097561
0.01524390243902439
0.01524390243902439
0.01524390243902439
0.13719512195121952
0.012195121951219513
0.024390243902439025
0.01524390243902439
0.01524390243902439
0.01676829268292683
0.01524390243902439
0.01524390243902439
0.01524390243902439
0.001524390243902439
0.01524390243902439
0.01524390243902439
0.04573170731707317
0.01524390243902439
0.03048780487804878
0.03048780487804878
0.06097560975609756
0.06097560975609756
0.01524390243902439
0.01524390243902439
0.01524390243902439
0
0.01524390243902439
0.06097560975609756
0.01524390243902439
0.01524390243902439
0.0701219512195122
0.01524390243902439
0.21036585365853658
0.038109756097560975
0.03048780487804878
0.07621951219512195
0.03048780487804878
0.01524390243902439
0.04573170731707317
0.01524390243902439
0.021341463414634148
0.47560975609756095
0.04573170731707317
0.06097560975609756
0.01524390243902439
0.01524390243902439
0.01524390243902439
0.01524390243902439
0.01524390243902439
0.04725609756097561
0.03048780487804878
0.03048780487804878
0.010670731707317074
0.03048780487804878
0.013719512195121951
0.01524390243902439
0.01524390243902439
0.01524390243902439
0.01524390243902439
0.01524390243902439
0.04573170731707317
0.06097560975609756
0.03048780487804878
0.01676829268292683
0.13719512195121952
0.01524390243902439
0.04573170731707317
0.04573170731707317
0.10670731707317073
0.01524390243902439
0.013719512195121951
0.03048780487804878
0.10518292682926829
0.2149390243902439
0.08536585365853659
0.012195121951219513
0.01524390243902439
0.07621951219512195
0.01524390243902439
0.01524390243902439
0.01524390243902439
0.01524390243902439
0.01524390243902439
0.01524390243902439
0.03048780487804878
0.013719512195121951
0.01524390243902439
0.028963414634146343
0.10670731707317073
0.01524390243902439
0.01524390243902439
0.01524390243902439
0.06097560975609756
0.0899390243902439
0.10670731707317073
0.03048780487804878
0.04573170731707317
0.01524390243902439
0.01524390243902439
0.01524390243902439
0.04573170731707317
0.13567073170731708
0.2347560975609756
0.001524390243902439
0.04420731707317073
0.01524390243902439
0.03048780487804878
0.054878048780487805
0.006097560975609756
0.01524390243902439
0.38109756097560976
0.01524390243902439
0.01524390243902439
0.49847560975609756
0.028963414634146343
0.027439024390243903
0.01524390243902439
0.01524390243902439
0.01524390243902439
0.01524390243902439
0.04573170731707317
0.1676829268292683
0.04573170731707317
0.03353658536585366
0.09146341463414634
0.01524390243902439
0.03048780487804878
0.05945121951219512
0.25914634146341464
0.21341463414634146
0.18292682926829268
0.03048780487804878
0.1676829268292683
0.03048780487804878
0.01524390243902439
0.03048780487804878
0.04420731707317073
0.06097560975609756
0.1676829268292683
0.08689024390243902
0.07621951219512195
0.007621951219512195
0.06097560975609756
0.01524390243902439
0.01524390243902439
0.04573170731707317
0.01524390243902439
0.04420731707317073
0.01524390243902439
0.01524390243902439
0.01524390243902439
0.01524390243902439
0.01524390243902439
0.01524390243902439
0.06097560975609756
0.07621951219512195
0.010670731707317074
0.03048780487804878
0.024390243902439025
0.03048780487804878
0.04573170731707317
0.01524390243902439
0.01524390243902439
0.03048780487804878
0.04725609756097561
0.03048780487804878
0.01524390243902439
0.33689024390243905
0.49085365853658536
0.04573170731707317
0.03048780487804878
0.01524390243902439
0.09146341463414634
0.06097560975609756
0.01524390243902439
0.01524390243902439
0.06097560975609756
0.006097560975609756
0.027439024390243903
0.01524390243902439
0.09146341463414634
0.04573170731707317
0.013719512195121951
0.01524390243902439
0.01524390243902439
0.028963414634146343
0.007621951219512195
0.01524390243902439
0.01524390243902439
0.01524390243902439
0.01524390243902439
0.03048780487804878
0.01524390243902439
0.009146341463414634
0.04573170731707317
0.01524390243902439
0.03048780487804878
0.03048780487804878
0.028963414634146343
0.01524390243902439
0.10823170731707317
0.04573170731707317
0.05945121951219512
0.10670731707317073
0.04573170731707317
0.08841463414634146
0.01524390243902439
0.01524390243902439
0.03048780487804878
0.07621951219512195
0.03048780487804878
0
0.056402439024390245
0.01524390243902439
0.01524390243902439
0.01524390243902439
0.028963414634146343
0.01524390243902439
0.6021341463414634
0.01524390243902439
0.06097560975609756
0.09146341463414634
0.03048780487804878
0.15548780487804878
0.01524390243902439
0.01676829268292683
0.01524390243902439
0.01676829268292683
0.07621951219512195
0.07621951219512195
0.06097560975609756
0.01524390243902439
0.01524390243902439
0.03048780487804878
0.01524390243902439
0.03048780487804878
0.01524390243902439
0.01524390243902439
0.01524390243902439
0.03048780487804878
0.12195121951219512
0.09146341463414634
0.06097560975609756
0.04573170731707317
0.13719512195121952
0.04573170731707317
