0 0 0 0 0 0 0 0 0 0 0 10.0 0 0 0 0 0 0 0 10.0 0 0 0 0 0 0 0 0 0 0 0 1.0 10.0 0 0 0 0 0 0 0 0 0 0 0 0 0 0 0 0 0 0 0 0 0 10.0 10.0 10.0 0 0 10.0 0 0 0 0 0 0 
0 0 0 0 0 0 0 0 10.0 0 0 0 0 0 0 0 0 0 0 9.0 0 9.0 0 0 0 0 0 0 0 0 0 0 1.0 0 0 10.0 0 0 0 0 0 0 0 1.0 0 0 0 0 10.0 10.0 0 0 0 0 8.4 6.5 9.2 10.0 0 0 3.0 0 0 0 0 0 
0 0 0 10.0 0 0 0 0 10.0 0 0 0 9.0 0 0 0 0 0 8.333333333333334 0 0 0 9.0 0 0 10.0 0 0 0 0 0 0 7.0 0 0 10.0 0 0 0 0 0 9.333333333333334 0 10.0 0 0 0 0 10.0 10.0 0 0 0 0 10.0 0 10.0 0 0 0 0 0 0 0 0 0 
0 0 0 0 0 0 0 0 0 0 0 0 0 0 0 0 0 0 6.5 0 0 0 0 0 0 0 0 0 0 0 0 0 0 0 0 0 0 0 0 0 0 10.0 0 0 0 0 0 0 0 0 0 0 0 0 0 0 10.0 0 0 0 0 0 0 0 0 0 
0 0 0 0 0 0 0 0 0 0 0 0 0 0 0 0 0 0 0 0 0 0 0 0 0 0 0 0 0 0 0 0 0 0 0 7.0 0 0 0 0 0 0 0 0 0 0 0 8.0 0 0 0 0 10.0 0 10.0 0 7.5 0 0 0 0 0 0 0 0 0 
0 0 0 0 0 0 0 0 0 0 0 0 0 0 0 0 0 0 0 0 0 0 0 0 0 0 0 0 0 0 0 0 0 0 0 0 0 0 0 0 0 0 0 0 0 0 0 0 10.0 0 0 0 0 0 0 0 0 0 0 0 0 0 0 0 0 0 
0 0 0 0 0 0 0 0 0 0 0 0 0 0 0 0 0 0 0 0 0 0 0 10.0 0 0 0 0 0 0 0 0 0 0 0 0 0 0 0 0 0 0 0 0 0 0 0 0 0 8.0 0 0 0 0 10.0 0 0 0 0 0 0 0 0 0 0 0 
0 0 0 0 0 0 0 0 0 0 0 0 10.0 0 0 0 0 0 0 10.0 0 0 0 0 0 0 0 0 0 0 0 0 0 0 0 10.0 0 0 0 0 0 0 0 10.0 0 0 0 0 0 0 0 0 0 0 4.0 0 0 0 0 0 0 0 0 0 0 0 
7.0 0 0 10.0 0 0 0 0 0 0 0 0 0 0 0 0 0 0 0 0 0 0 0 0 0 0 0 0 0 0 0 0 0 0 0 0 0 0 0 0 0 0 10.0 0 9.0 0 0 10.0 0 0 0 0 0 0 0 0 9.8 0 0 0 0 0 0 0 0 0 
10.0 0 0 0 0 0 0 0 0 0 0 0 0 0 0 0 0 5.0 7.0 0 0 0 0 10.0 0 0 0 4.5 0 0 0 0 0 0 0 10.0 0 0 0 0 0 0 0 0 10.0 0 0 0 10.0 10.0 0 0 0 0 5.0 0 10.0 5.5 0 0 0 10.0 0 0 0 0 
0 0 0 0 0 0 0 0 0 0 0 0 0 0 0 0 0 0 0 0 0 0 0 0 0 0 0 0 0 0 0 0 0 0 0 0 0 0 0 0 0 0 0 0 0 0 0 0 10.0 0 0 0 0 0 5.5 0 0 0 0 0 0 0 0 0 0 0 
0 0 0 0 0 0 0 0 0 0 0 0 0 0 0 0 0 0 0 0 0 0 0 0 0 0 0 0 10.0 0 0 6.0 0 0 0 0 0 0 0 0 0 0 0 0 0 0 0 0 9.666666666666666 0 0 0 0 0 0 0 0 0 0 0 0 0 0 0 0 0 
10.0 0 0 0 10.0 0 0 0 10.0 0 0 0 0 0 0 0 0 0 0 10.0 0 0 0 0 0 0 0 0 0 0 0 0 10.0 0 0 10.0 0 0 0 0 0 0 0 1.0 0 0 0 0 0 0 0 0 0 0 0 0 0 1.0 0 0 0 0 0 10.0 0 0 
0 0 0 0 0 0 0 0 0 0 0 0 0 0 0 0 0 10.0 0 0 0 0 0 0 0 0 0 0 0 0 0 1.0 0 0 0 2.0 0 0 0 0 0 0 0 0 0 0 0 0 0 0 0 0 0 0 0 0 0 0 0 0 0 0 0 0 0 0 
0 5.0 0 8.0 0 0 0 0 0 0 0 0 0 0 0 0 0 0 9.0 10.0 0 10.0 0 0 0 10.0 10.0 0 0 0 0 0 0 0 0 0 0 0 0 0 0 10.0 0 0 0 0 0 0 10.0 10.0 0 0 10.0 0 10.0 0 10.0 0 0 0 0 0 0 0 0 0 
0 0 0 0 0 0 0 0 10.0 0 0 0 0 0 0 0 0 0 0 0 0 0 0 10.0 0 0 0 1.0 10.0 0 0 0 0 0 0 0 0 0 0 0 0 10.0 0 0 8.0 0 0 10.0 9.0 0 0 0 0 0 10.0 0 10.0 0 1.5 0 6.0 0 0 0 0 0 
0 0 0 0 0 0 0 0 0 0 0 0 0 0 0 0 0 0 0 0 0 0 0 0 0 0 0 0 0 0 0 0 0 0 0 0 0 0 0 0 0 0 0 0 10.0 10.0 0 0 0 0 0 0 0 0 0 0 10.0 0 0 0 5.5 10.0 0 0 0 0 
8.666666666666666 4.0 0 0 0 0 0 0 0 0 0 10.0 7.5 8.666666666666666 0 0 0 0 8.2 8.0 0 10.0 0 0 0 0 10.0 0 10.0 0 3.0 0 7.0 0 0 9.333333333333334 0 0 0 0 0 10.0 0 0 0 0 0 0 10.0 9.0 0 0 10.0 0 10.0 0 9.833333333333334 7.5 4.0 0 0 0 0 9.0 0 0 
0 4.0 0 0 0 0 0 0 0 7.0 0 0 0 0 0 0 0 0 0 0 0 0 0 0 0 0 0 0 0 0 0 0 0 0 0 9.0 0 0 0 0 0 0 0 0 0 0 0 0 0 0 0 0 0 0 0 0 10.0 0 0 0 0 0 0 0 0 0 
0 0 0 0 0 0 0 0 0 0 0 0 0 10.0 0 0 0 0 0 0 0 0 0 0 0 0 0 0 7.0 0 0 0 0 0 8.0 0 0 0 0 0 0 0 0 0 10.0 0 0 0 9.0 0 0 10.0 0 0 0 0 0 0 0 0 0 0 0 0 0 0 
0 0 0 0 0 1.0 0 0 0 0 0 0 9.0 0 0 0 0 0 0 10.0 0 0 0 0 0 0 0 0 0 0 0 0 0 0 0 0 0 0 5.0 0 4.0 0 0 0 0 0 0 0 10.0 10.0 0 0 0 0 9.5 0 5.0 9.0 0 10.0 10.0 0 0 0 0 0 
0 0 0 0 0 0 0 0 0 0 0 0 0 0 0 0 0 0 5.0 0 0 0 0 0 0 0 0 0 0 0 0 0 0 0 0 0 0 0 0 0 0 0 0 10.0 0 0 0 0 0 0 0 0 0 0 0 0 0 0 0 0 0 0 0 0 0 0 
0 0 0 0 0 0 0 0 10.0 0 0 0 6.0 8.0 0 0 0 0 0 0 10.0 0 0 0 0 0 0 0 0 6.0 0 0 0 0 0 0 0 0 0 0 0 10.0 0 0 6.0 0 0 10.0 10.0 8.0 0 0 10.0 0 7.0 0 10.0 10.0 0 0 10.0 0 0 10.0 0 0 
0 0 0 0 0 0 0 0 0 0 0 0 10.0 0 0 0 0 0 0 0 0 0 0 0 0 0 0 0 0 0 0 0 0 0 0 0 0 0 0 0 0 0 0 0 0 0 0 0 0 0 0 0 0 0 0 0 0 0 0 8.0 0 0 0 0 0 0 
0 0 0 0 0 0 0 0 0 0 0 0 8.0 0 0 0 0 0 0 10.0 0 0 0 0 0 10.0 0 0 8.25 0 0 0 0 0 0 0 0 0 0 0 0 0 0 0 9.428571428571429 0 0 0 9.2 0 0 0 0 0 0 0 9.666666666666666 10.0 0 10.0 0 0 0 10.0 0 0 
0 0 0 10.0 0 0 0 0 4.8 0 0 0 0 0 0 0 0 0 0 0 10.0 10.0 0 0 0 10.0 0 0 0 0 0 0 0 7.071428571428571 0 0 0 0 0 0 0 0 0 0 10.0 0 0 0 10.0 0 10.0 0 0 10.0 9.833333333333334 0 3.5 0 0 0 0 0 0 0 0 0 
0 0 0 0 0 0 0 0 1.0 0 0 0 10.0 0 0 0 0 0 0 0 0 10.0 0 0 0 0 0 1.0 4.0 0 0 9.0 0 0 0 9.0 0 0 0 1.0 0 0 10.0 0 0 0 0 10.0 0 10.0 0 0 0 0 8.0 0 0 10.0 0 8.0 0 2.5 0 0 0 0 
9.333333333333334 0 0 9.666666666666666 9.928571428571429 0 0 0 9.606060606060606 0 0 0 9.6 10.0 0 0 0 0 9.0 9.944444444444445 0 10.0 9.285714285714286 0 0 10.0 0 0 0 0 0 0 10.0 1.0 9.0 10.0 0 0 0 0 0 10.0 0 0 10.0 10.0 0 0 8.166666666666666 8.666666666666666 0 0 10.0 0 9.875 10.0 9.692307692307692 9.333333333333334 0 9.5 9.625 0 0 0 0 0 
0 0 0 0 0 0 0 0 0 0 0 0 0 0 0 0 0 0 0 0 0 0 0 0 0 0 0 0 0 0 0 0 0 0 0 0 0 0 0 0 0 0 0 0 0 0 0 0 0 0 0 0 0 0 0 0 9.882352941176471 0 0 0 0 0 0 0 0 0 
0 0 0 0 0 0 0 0 0 0 0 0 0 0 0 0 0 0 1.0 0 1.0 0 10.0 0 0 0 10.0 0 0 0 0 0 0 0 0 0 0 0 0 0 0 0 0 0 10.0 0 0 0 0 0 0 0 0 0 0 0 0 0 0 0 0 0 0 0 0 0 
0 0 0 0 0 0 0 0 0 0 0 0 0 0 0 0 0 0 0 0 0 0 0 0 0 0 0 0 0 0 0 0 0 0 0 0 0 0 0 0 0 10.0 0 0 0 0 0 0 0 0 0 0 0 0 0 0 0 0 0 0 0 0 0 0 0 0 
0 0 0 0 0 0 0 0 0 0 0 0 0 0 0 0 0 0 0 0 0 0 0 0 0 0 0 0 0 0 0 0 0 0 0 0 0 0 0 0 0 0 0 0 7.0 0 0 0 10.0 0 0 0 0 0 0 0 10.0 0 0 0 0 0 0 0 0 0 
0 0 0 0 0 0 0 0 0 0 0 0 0 0 0 0 0 0 0 10.0 0 0 0 0 0 0 0 0 0 0 0 0 0 0 0 0 0 0 0 0 0 0 0 7.0 0 0 0 0 0 0 0 0 0 0 0 0 0 0 0 0 0 0 0 0 0 0 
0 0 0 10.0 10.0 0 0 0 0 0 0 0 0 0 0 0 0 0 0 0 0 0 0 0 0 1.0 0 0 0 0 0 0 10.0 0 0 0 0 0 0 0 0 0 0 0 0 0 0 0 0 0 0 0 0 0 10.0 0 0 0 0 10.0 0 0 0 0 0 0 
10.0 0 0 0 0 0 0 0 0 0 0 0 0 0 0 0 0 0 5.0 0 0 10.0 0 0 0 0 0 0 0 0 0 0 0 0 0 0 0 0 0 0 0 9.0 0 0 0 0 0 0 0 0 0 0 0 0 10.0 0 10.0 0 0 0 0 0 0 0 0 0 
0 0 0 0 0 0 0 0 0 0 0 0 0 0 0 0 0 0 7.0 0 10.0 0 0 10.0 0 0 0 0 0 0 0 0 0 0 10.0 0 0 0 0 0 0 0 0 0 0 0 0 0 0 0 0 0 0 0 10.0 0 10.0 10.0 0 7.0 0 10.0 0 0 0 0 
0 0 0 0 0 0 0 0 0 1.0 0 0 10.0 0 0 0 0 0 0 0 10.0 2.0 0 0 0 0 0 0 0 8.0 0 0 0 0 10.0 0 0 0 0 0 0 0 10.0 0 8.75 0 0 0 0 0 0 0 0 0 0 0 0 0 1.0 0 0 10.0 8.0 0 0 0 
0 0 0 10.0 0 0 0 0 0 0 0 0 7.0 0 0 0 0 0 10.0 9.0 0 0 0 0 0 0 0 0 0 0 0 0 0 0 0 0 0 0 0 0 8.0 8.0 0 0 10.0 0 0 0 0 0 10.0 0 10.0 0 8.4 0 9.6 0 0 10.0 0 0 0 0 0 0 
0 1.5 0 0 0 1.0 0 0 0 0 0 0 10.0 0 0 0 0 0 10.0 0 0 0 0 0 0 0 0 0 0 0 0 0 0 0 0 0 0 0 0 1.0 0 0 0 0 0 0 0 0 0 0 0 0 0 0 0 0 8.2 1.0 0 0 0 0 0 0 0 0 
0 0 0 0 0 0 0 0 0 0 0 0 0 0 0 0 0 0 0 8.0 0 0 0 0 0 0 0 0 0 0 0 7.0 0 0 0 10.0 0 0 0 0 0 0 0 0 0 0 0 0 10.0 0 0 0 0 0 0 0 10.0 0 0 0 0 0 0 0 0 0 
0 0 0 0 0 0 0 0 0 0 0 0 0 0 0 0 0 0 0 0 0 10.0 0 0 0 0 0 0 0 0 0 0 0 0 0 0 0 0 0 0 0 0 0 0 0 0 0 0 10.0 0 0 0 0 0 3.0 0 10.0 0 0 0 0 0 0 10.0 0 0 
10.0 10.0 0 0 0 0 0 0 1.0 0 0 0 1.0 0 0 0 0 0 5.666666666666667 10.0 0 0 0 0 0 0 0 0 10.0 0 0 0 10.0 0 0 0 10.0 0 0 0 0 10.0 0 10.0 0 0 0 0 0 0 0 0 0 0 10.0 0 10.0 0 1.0 10.0 1.0 0 0 0 0 0 
0 0 0 0 0 0 0 0 0 0 0 0 0 0 0 0 0 0 0 0 0 0 0 0 0 0 0 0 0 0 0 0 8.0 0 0 0 0 0 0 0 0 0 0 10.0 0 0 0 0 0 0 0 0 0 0 0 0 0 0 0 0 0 0 0 0 0 0 
0 0 0 0 10.0 0 0 0 8.666666666666666 0 0 0 0 9.5 0 0 0 10.0 0 0 0 0 0 0 0 0 0 0 2.0 0 0 0 0 0 10.0 0 0 0 0 0 4.0 0 0 10.0 0 0 0 0 0 0 0 0 0 0 10.0 0 9.142857142857142 0 0 10.0 0 1.0 0 10.0 0 0 
0 0 0 0 0 0 0 0 0 0 0 0 0 0 0 0 0 0 0 0 0 0 0 0 0 10.0 0 0 0 0 0 0 0 0 0 0 0 0 0 0 0 0 0 10.0 0 0 0 0 0 0 0 0 0 0 0 0 10.0 1.0 0 0 0 0 0 0 0 0 
0 0 0 0 0 0 0 0 0 0 0 0 0 10.0 0 0 0 0 0 10.0 0 0 0 0 0 0 0 0 0 0 0 0 0 0 0 0 0 0 0 0 0 0 0 0 0 0 0 0 7.0 0 0 0 0 0 0 0 0 0 0 0 0 0 0 0 0 0 
0 0 0 0 0 0 0 0 0 0 0 0 0 0 0 0 0 0 0 0 0 0 0 0 0 0 0 0 0 0 0 0 0 0 0 0 0 0 0 0 0 0 0 10.0 0 0 0 0 0 0 0 0 0 0 10.0 0 0 0 4.0 0 0 0 0 0 0 0 
9.742857142857142 9.4375 7.0 9.304347826086957 10.0 7.0 0 10.0 9.82 10.0 10.0 10.0 9.560975609756097 9.882352941176471 10.0 10.0 0 9.181818181818182 9.741935483870968 9.975 7.666666666666667 10.0 9.962962962962964 9.984848484848484 0 9.844444444444445 9.954545454545455 8.941176470588236 9.886363636363637 0 8.875 9.636363636363637 9.96875 10.0 9.428571428571429 9.979166666666666 10.0 10.0 9.235294117647058 10.0 9.962962962962964 9.981818181818182 9.971428571428572 9.92 9.97938144329897 9.975 1.0 10.0 9.985185185185186 9.920634920634921 9.98360655737705 10.0 9.977777777777778 10.0 9.847457627118644 9.909090909090908 9.981412639405205 9.283783783783784 7.564102564102564 9.731707317073171 10.0 0 0 9.4375 10.0 0 
0 0 0 0 0 0 0 0 0 0 0 0 0 0 0 0 0 0 0 0 0 0 0 0 0 0 0 0 0 0 0 0 0 0 0 0 0 0 0 0 0 0 0 0 10.0 0 0 8.0 0 0 0 0 0 0 0 0 0 0 0 0 0 0 0 0 0 0 
0 0 0 0 0 0 0 0 0 0 0 0 0 0 0 0 0 0 0 0 0 0 0 0 0 0 0 0 0 0 0 0 0 0 0 0 0 0 0 0 0 0 0 0 0 0 0 0 0 0 0 0 0 0 0 0 0 0 0 0 0 0 0 0 0 0 
7.75 0 0 0 0 0 0 0 9.5 0 0 0 0 10.0 0 0 0 0 10.0 0 0 10.0 0 0 0 0 0 0 0 0 0 10.0 10.0 0 0 10.0 0 0 0 0 0 0 10.0 0 0 0 0 0 10.0 0 0 0 10.0 0 10.0 0 10.0 0 1.0 10.0 0 0 0 10.0 0 0 
9.916666666666666 9.666666666666666 9.0 9.833333333333334 10.0 1.0 0 0 10.0 0 0 10.0 9.333333333333334 10.0 10.0 0 0 10.0 9.571428571428571 10.0 0 10.0 9.571428571428571 10.0 0 10.0 10.0 10.0 9.0 0 0 9.0 9.875 0 10.0 10.0 9.333333333333334 0 0 0 0 10.0 10.0 10.0 9.941176470588236 10.0 0 10.0 10.0 10.0 10.0 0 9.933333333333334 10.0 9.837837837837839 10.0 9.906976744186046 9.833333333333334 5.25 10.0 9.333333333333334 0 0 9.764705882352942 0 0 
0 0 0 6.0 0 0 0 0 0 0 0 0 0 0 0 0 0 0 0 0 0 0 0 0 0 0 0 0 0 0 0 0 0 0 0 0 0 0 0 0 0 0 0 0 0 0 0 0 0 0 0 0 0 0 10.0 0 0 10.0 0 0 0 0 0 0 0 0 
0 0 0 0 0 0 0 0 0 0 0 0 0 0 0 0 0 0 0 0 0 0 0 0 0 0 0 0 0 0 0 0 0 0 10.0 0 0 0 5.5 0 0 0 0 0 0 0 0 0 9.0 0 0 0 0 0 0 8.0 9.0 10.0 0 0 0 0 0 10.0 9.0 0 
0 0 0 0 0 0 0 0 10.0 0 0 0 0 10.0 0 0 0 0 0 0 0 0 0 0 0 10.0 0 0 10.0 0 0 0 10.0 0 10.0 0 0 0 0 0 0 0 0 0 0 0 0 9.0 8.0 0 0 0 0 0 10.0 0 10.0 0 4.0 0 0 0 0 0 0 0 
0 0 0 0 0 0 0 0 0 0 0 0 0 0 0 0 0 0 0 0 0 0 0 0 0 0 0 0 0 0 0 0 0 0 0 0 0 0 0 0 0 0 0 0 10.0 0 0 0 0 0 0 0 0 0 0 0 10.0 0 0 0 0 0 0 0 0 0 
0 10.0 0 0 0 0 0 0 0 0 0 0 0 0 0 0 0 0 0 0 0 0 0 0 0 0 10.0 0 0 0 0 0 1.0 0 0 0 0 0 0 0 0 10.0 0 10.0 0 0 0 0 0 0 0 0 10.0 0 0 0 10.0 0 0 10.0 0 10.0 0 0 0 0 
0 0 0 0 0 0 0 0 0 0 0 0 0 0 0 0 0 0 0 0 0 0 0 0 0 0 0 0 0 0 0 0 0 0 0 0 0 0 0 0 0 0 0 0 0 0 0 0 0 0 0 0 0 0 0 0 0 0 0 0 0 0 0 0 0 0 
0 0 0 0 0 0 0 0 0 0 0 0 0 0 0 0 0 0 0 0 0 0 0 0 0 0 0 0 0 0 0 0 0 0 0 0 0 0 0 0 0 10.0 0 0 10.0 0 0 0 6.0 0 0 0 0 0 0 0 0 0 0 0 0 0 0 0 0 0 
10.0 0 0 0 0 0 0 0 0 0 0 0 0 0 0 0 0 0 0 0 0 9.0 0 10.0 0 0 0 0 0 0 0 0 0 0 0 10.0 0 0 0 0 9.0 0 0 0 0 0 0 0 0 0 0 0 0 0 0 10.0 9.944444444444445 0 0 0 0 9.0 0 0 0 0 
0 0 0 0 0 0 0 0 0 0 0 0 0 0 0 0 0 0 0 0 0 0 0 0 0 10.0 0 0 10.0 0 0 0 0 0 0 0 0 0 0 0 0 0 0 0 1.0 0 0 0 0 0 0 0 0 0 0 0 0 0 0 0 0 0 0 0 0 0 
0 0 0 0 0 0 0 0 0 0 0 0 0 0 0 0 0 0 0 0 0 0 0 0 0 0 0 0 0 0 0 0 0 0 0 0 0 0 0 0 0 0 0 0 0 0 0 0 0 0 0 0 0 0 0 0 0 0 0 0 0 0 0 0 0 0 
0 0 0 0 0 0 0 0 0 0 0 0 0 0 0 0 0 0 0 0 0 0 0 0 0 0 0 0 0 0 0 0 0 0 0 0 0 0 0 0 0 0 0 0 0 0 0 0 0 0 0 0 0 0 10.0 0 0 6.0 0 0 0 0 0 0 0 0 
10.0 0 0 0 0 0 0 0 0 0 0 10.0 0 10.0 0 0 0 0 9.5 9.75 0 10.0 0 10.0 0 8.5 10.0 0 0 0 0 0 0 0 0 0 8.0 0 8.0 0 0 0 0 10.0 10.0 0 0 0 10.0 10.0 0 0 0 0 9.454545454545455 0 9.875 9.571428571428571 0 9.0 9.0 0 0 0 0 0 
0 0 0 0 0 0 0 0 0 0 0 0 0 0 0 0 0 0 0 0 0 0 0 0 0 0 0 0 0 0 0 0 0 0 0 0 0 0 0 0 0 0 0 0 0 0 0 0 0 0 0 0 0 0 0 0 0 0 0 0 0 0 0 0 0 0 
10.0 0 0 0 0 0 0 0 0 0 0 0 0 0 0 0 0 0 0 9.666666666666666 0 0 0 0 0 0 0 0 0 0 0 0 0 0 0 0 0 0 0 0 0 0 0 0 0 0 0 0 10.0 0 0 0 0 0 10.0 0 10.0 8.5 0 0 0 9.0 0 0 0 0 
1.0 0 0 0 0 0 0 0 0 0 0 10.0 0 0 0 0 0 0 0 0 0 0 0 0 0 0 0 0 0 0 0 0 0 0 0 0 0 0 0 0 0 0 0 0 0 0 0 0 0 0 0 0 0 0 10.0 0 0 10.0 0 0 0 0 0 0 0 0 
0 0 0 4.0 0 0 0 0 0 0 0 0 0 0 0 0 0 0 0 0 0 0 0 0 0 0 0 0 0 0 0 0 0 0 0 0 0 0 0 0 0 0 0 0 0 0 0 0 0 0 0 0 0 0 0 0 0 0 0 0 0 0 0 10.0 0 0 
0 0 0 0 0 0 0 0 0 0 0 0 0 0 0 0 0 0 0 0 0 0 0 0 0 0 0 0 0 0 0 0 0 0 0 0 0 0 0 0 0 0 0 0 0 0 0 0 0 9.0 0 0 0 0 0 0 10.0 0 0 0 0 0 0 0 0 0 
8.0 0 0 0 0 0 0 0 0 0 0 0 0 0 0 0 0 10.0 2.0 0 0 0 0 0 0 0 0 1.0 0 0 0 0 0 0 0 0 0 0 0 0 0 0 0 0 0 0 0 0 0 0 0 0 0 0 10.0 0 10.0 10.0 1.0 0 0 0 0 4.0 0 0 
9.5 0 1.0 0 0 0 0 0 10.0 0 0 0 0 0 10.0 0 0 0 0 0 0 0 0 0 0 10.0 0 0 0 0 10.0 0 0 0 10.0 0 0 0 5.0 0 0 0 0 10.0 0 0 0 0 10.0 10.0 0 0 0 0 10.0 10.0 10.0 0 0 10.0 0 10.0 8.0 9.0 1.0 0 
0 0 0 0 0 0 0 0 0 0 0 0 0 0 0 0 0 0 0 0 0 0 0 0 0 10.0 0 0 0 0 0 0 0 0 10.0 0 0 0 0 0 0 10.0 0 0 0 0 0 5.0 0 0 0 0 0 0 9.333333333333334 0 10.0 0 1.0 0 0 0 0 0 0 0 
0 0 0 0 0 0 0 0 0 0 0 0 0 0 0 0 0 0 0 0 0 0 0 0 0 0 0 0 0 0 0 0 0 0 0 0 0 0 0 0 0 0 0 0 0 0 0 0 0 0 0 0 0 0 0 0 0 0 0 0 0 0 0 0 0 0 
0 0 10.0 0 0 0 0 0 0 0 0 0 0 0 0 0 0 0 0 0 0 0 9.5 0 0 0 0 0 7.0 0 1.0 0 0 0 0 0 0 0 0 0 0 10.0 0 10.0 0 0 0 0 0 0 0 10.0 0 0 0 0 10.0 8.692307692307692 0 10.0 0 0 0 0 0 0 
10.0 0 0 0 0 0 0 0 2.0 0 0 0 0 0 0 0 0 2.0 0 0 0 0 0 0 0 0 0 10.0 0 0 0 0 0 0 0 0 0 0 0 0 0 0 0 0 0 0 0 10.0 10.0 0 0 0 0 0 10.0 0 10.0 0 0 0 0 0 0 0 0 0 
0 0 0 0 0 0 0 0 0 0 0 0 0 0 0 0 0 0 0 0 0 0 0 0 0 0 0 0 0 0 0 0 0 0 0 0 0 0 0 0 0 0 0 0 0 0 0 0 0 0 0 0 0 0 0 0 0 0 0 0 0 0 0 0 0 0 
0 0 0 0 0 0 0 0 0 0 0 0 0 0 0 0 0 0 0 0 0 0 10.0 0 0 0 0 10.0 0 0 0 0 0 0 0 0 0 0 0 0 0 0 0 0 0 10.0 0 0 10.0 0 0 0 0 0 0 0 10.0 0 0 0 0 10.0 0 0 0 0 
0 0 0 0 0 0 0 0 0 0 0 0 0 0 0 0 0 0 0 0 0 0 0 0 0 10.0 0 0 1.0 0 0 0 0 0 0 0 0 0 0 0 0 0 0 0 8.0 0 0 0 0 0 0 0 0 0 10.0 0 0 1.0 0 0 0 0 0 0 0 0 
0 0 0 0 0 0 0 0 0 0 0 0 0 0 0 0 0 0 0 0 0 0 0 0 0 0 0 0 0 0 0 0 0 0 0 0 0 0 0 0 0 0 0 0 0 0 0 0 0 0 0 0 0 0 0 0 0 0 0 0 0 0 0 0 0 0 
0 0 0 0 0 0 0 0 0 0 0 0 0 0 0 0 0 0 0 0 0 0 0 0 0 0 0 0 0 0 0 0 0 0 0 0 0 0 0 0 0 0 0 0 0 0 0 0 0 0 0 0 0 0 0 0 0 0 0 0 0 0 0 0 0 0 
0 0 0 0 0 0 0 0 0 0 0 0 0 0 0 0 0 0 0 0 0 0 0 0 0 0 0 0 0 0 0 0 0 0 0 0 0 0 0 0 0 0 0 0 0 0 0 0 0 0 0 0 0 0 0 0 0 0 0 0 0 0 0 0 0 0 
1.0 0 0 0 0 0 0 0 0 0 0 0 0 0 0 0 0 0 0 0 0 0 0 0 0 0 0 0 0 0 0 0 0 0 0 0 0 0 0 0 0 0 0 0 0 0 0 0 0 10.0 0 0 0 0 0 0 0 10.0 0 0 0 0 0 10.0 0 0 
0 0 0 0 0 0 0 0 0 0 0 0 0 0 0 0 0 0 0 0 0 0 0 0 0 0 0 0 0 0 0 0 0 0 0 0 0 0 0 0 0 0 0 0 0 0 0 0 0 0 0 0 0 0 0 0 0 0 0 0 0 0 0 0 0 0 
0 0 0 0 0 0 0 0 0 0 0 0 0 0 0 0 0 0 0 0 0 0 0 0 0 0 0 0 0 0 0 0 0 0 0 0 0 0 0 0 0 0 0 0 0 0 0 0 0 0 0 0 0 0 0 0 0 0 0 0 0 0 0 0 0 0 
2.0 0 1.0 0 0 0 0 0 0 0 0 0 0 0 0 0 0 0 0 0 0 0 0 0 0 0 0 0 0 0 0 0 0 0 0 0 0 0 0 0 0 0 0 0 0 0 0 0 0 0 0 0 0 0 0 0 0 9.0 1.0 0 0 0 0 0 0 0 
0 0 0 0 0 0 0 0 0 0 0 0 0 0 0 0 0 0 0 0 0 0 0 0 0 0 0 0 0 0 0 0 0 0 0 0 10.0 0 0 0 0 0 0 0 0 0 0 0 10.0 0 0 0 0 0 0 0 9.0 0 2.0 0 0 0 0 0 0 0 
9.5 0 0 0 0 0 0 0 4.0 0 0 10.0 0 0 0 0 10.0 0 0 0 0 0 0 0 0 0 0 0 0 0 0 0 0 0 0 10.0 0 0 0 0 0 0 0 10.0 0 0 0 0 10.0 0 0 0 0 0 0 6.0 0 0 0 0 0 0 0 0 0 0 
0 0 0 0 0 1.0 0 0 0 0 0 0 0 0 0 0 0 0 0 0 0 0 0 0 0 0 0 0 0 0 0 2.0 1.0 0 0 10.0 0 0 0 0 0 0 0 0 0 0 0 0 0 9.5 0 0 0 0 10.0 0 0 0 0 0 0 0 0 0 0 0 
0 0 0 0 0 0 0 0 0 0 0 0 0 0 0 0 0 0 0 0 0 0 0 0 0 0 0 0 0 0 0 0 0 0 0 0 0 0 0 0 0 0 0 0 0 0 0 0 0 0 0 0 0 0 0 0 0 0 0 0 0 0 0 0 0 0 
0 0 0 0 0 0 0 0 0 0 0 0 0 0 0 0 0 0 0 0 0 0 0 0 0 0 0 0 10.0 0 0 0 0 0 0 0 0 0 0 0 0 0 0 0 0 0 0 0 0 0 0 0 0 0 10.0 0 8.0 0 0 0 0 0 0 0 0 0 
0 0 0 0 0 0 0 0 0 0 0 0 0 0 0 0 0 0 0 0 0 0 0 0 0 0 0 0 0 0 0 0 0 0 0 0 0 0 0 0 0 0 0 0 0 0 0 0 0 0 0 0 0 0 0 0 0 0 0 0 0 0 0 0 0 0 
0 0 0 0 0 0 0 0 0 0 0 0 0 0 0 0 0 0 0 0 0 0 0 0 0 0 0 0 0 0 0 0 0 0 0 0 0 0 0 0 0 0 0 0 0 0 0 0 0 0 0 0 0 0 0 0 0 0 0 0 0 0 0 0 0 0 
0 0 0 0 0 0 0 0 0 0 0 0 0 0 0 0 0 0 0 0 0 0 0 0 0 0 0 0 0 0 0 0 0 0 0 0 0 0 0 0 0 0 0 0 0 0 0 0 0 0 0 0 0 0 0 0 0 0 0 0 0 0 0 0 0 0 
0 0 0 0 0 0 0 0 0 0 0 0 0 0 0 0 0 0 0 0 0 0 0 0 0 0 0 0 0 0 0 0 0 0 0 0 0 0 0 0 0 0 0 0 0 0 0 0 0 0 0 0 0 0 0 0 0 0 0 0 0 0 0 0 0 0 
0 0 0 0 0 0 0 0 0 0 0 0 0 0 0 0 0 0 0 0 0 0 0 0 0 0 0 0 0 0 0 0 0 0 0 0 0 0 0 0 0 0 0 0 0 0 0 0 0 0 0 0 0 0 0 0 0 0 0 0 0 0 0 0 0 0 
0 0 0 0 0 0 0 0 0 0 0 0 0 0 0 0 0 0 0 0 0 0 0 0 0 0 0 0 0 0 0 0 0 0 0 0 0 0 0 0 0 0 0 0 0 0 0 0 0 0 0 0 0 0 0 0 0 0 0 0 0 0 0 0 0 0 
0 0 0 0 0 0 0 0 0 0 0 0 0 0 0 0 0 0 0 0 0 0 0 0 0 0 0 0 0 0 0 0 0 0 0 0 0 0 0 0 0 0 0 0 0 0 0 0 0 0 0 0 0 0 0 0 0 1.0 10.0 0 0 0 0 0 0 0 
0 0 0 0 0 0 0 0 0 0 0 0 0 0 0 0 0 0 0 0 0 0 0 0 0 0 0 0 0 0 0 0 0 0 0 0 0 0 0 0 0 10.0 0 0 0 0 0 0 0 0 0 0 0 0 0 0 0 0 1.0 0 0 0 0 0 0 0 
9.75 0 0 10.0 0 0 0 0 0 0 0 10.0 0 0 0 0 0 0 0 0 0 0 0 0 0 0 0 0 0 0 0 0 0 0 0 0 0 0 3.0 0 0 0 0 0 0 0 0 0 10.0 0 0 0 0 0 0 0 10.0 10.0 0 0 10.0 0 0 0 0 0 
0 0 0 0 0 0 0 0 0 0 0 0 0 0 0 0 0 0 0 0 0 0 0 0 0 0 0 0 0 0 0 0 0 0 0 0 0 0 0 0 0 0 0 0 0 0 0 0 0 0 0 0 0 0 0 0 0 1.0 0 0 0 0 0 0 10.0 0 
0 0 0 0 0 0 0 0 0 0 0 0 0 0 0 0 0 0 0 0 0 0 0 0 0 0 0 0 0 0 0 0 0 0 0 0 0 0 0 0 0 0 0 0 0 0 0 0 0 0 10.0 0 0 0 0 0 10.0 0 0 0 0 0 0 0 0 0 
0 0 0 0 0 0 0 0 0 0 0 0 0 0 0 0 0 0 0 0 0 0 0 0 0 0 0 0 0 0 0 0 0 0 0 0 0 0 0 0 0 0 0 0 0 0 0 0 0 0 0 0 0 0 0 0 0 0 0 0 0 0 0 0 0 0 
