10.0 1.0 0 10.0 0 0 0 0 0 0 10.0 0 0 8.0 0 0 0 10.0 0 0 0 0 0 0 0 10.0 0 0 0 10.0 0 10.0 0 0 0 10.0 10.0 0 10.0 10.0 10.0 0 0 0 9.333333333333334 0 0 10.0 0 0 10.0 0 10.0 0 0 0 10.0 7.0 0 8.0 10.0 0 0 10.0 0 0 
10.0 10.0 10.0 10.0 9.0 10.0 0 10.0 10.0 10.0 10.0 10.0 7.0 0 10.0 10.0 0 0 10.0 9.5 0 10.0 10.0 10.0 10.0 10.0 10.0 10.0 10.0 10.0 10.0 10.0 1.0 9.5 0 10.0 10.0 10.0 0 9.0 10.0 10.0 10.0 0 10.0 10.0 0 10.0 10.0 10.0 9.0 0 10.0 10.0 10.0 10.0 10.0 10.0 10.0 0 6.5 0 10.0 10.0 10.0 0 
0 10.0 0 10.0 10.0 10.0 10.0 0 10.0 0 0 0 10.0 10.0 10.0 10.0 0 8.666666666666666 0 0 0 10.0 10.0 0 10.0 10.0 10.0 0 10.0 10.0 0 9.0 0 10.0 0 10.0 0 10.0 0 10.0 7.0 9.0 10.0 0 10.0 10.0 10.0 10.0 0 10.0 10.0 10.0 0 0 10.0 0 10.0 10.0 10.0 10.0 10.0 9.0 0 0 0 7.0 
10.0 0 0 0 0 0 10.0 0 10.0 10.0 10.0 0 0 0 0 0 10.0 0 10.0 10.0 10.0 0 0 10.0 0 0 0 10.0 10.0 0 5.5 10.0 9.5 0 0 0 0 0 0 0 0 0 0 10.0 8.5 0 0 0 10.0 9.5 0 0 0 0 10.0 0 10.0 10.0 8.0 8.5 0 0 10.0 10.0 10.0 0 
0 0 0 0 0 0 0 0 0 0 10.0 0 0 0 0 0 10.0 0 0 0 0 9.0 0 0 0 0 0 8.0 10.0 0 0 10.0 0 0 0 0 0 0 0 0 0 10.0 0 0 10.0 0 0 5.0 0 0 0 0 0 0 10.0 0 10.0 0 0 10.0 0 0 0 0 10.0 0 
0 0 10.0 0 10.0 0 9.0 0 10.0 0 0 0 0 0 0 0 0 0 0 8.0 0 0 0 0 0 9.0 0 0 0 0 0 10.0 0 0 0 10.0 0 0 0 0 10.0 0 10.0 0 10.0 0 0 0 10.0 0 0 0 10.0 0 0 0 0 10.0 0 0 0 0 0 0 0 0 
10.0 9.0 0 9.0 10.0 0 0 0 0 0 10.0 0 9.0 10.0 10.0 0 0 7.0 10.0 10.0 10.0 0 0 10.0 0 0 0 10.0 10.0 0 0 10.0 0 0 0 10.0 0 0 0 9.0 0 0 0 0 10.0 0 0 0 10.0 8.0 0 0 0 0 10.0 0 10.0 10.0 1.0 0 10.0 0 10.0 0 0 0 
0 0 0 3.0 10.0 0 0 0 0 0 10.0 0 10.0 0 0 0 0 0 0 10.0 0 0 0 0 0 10.0 0 0 0 0 0 0 0 0 0 10.0 0 0 0 10.0 10.0 0 0 10.0 10.0 0 0 10.0 10.0 10.0 0 0 0 0 8.5 0 10.0 10.0 10.0 0 10.0 0 0 0 0 0 
10.0 0 0 0 10.0 0 0 0 0 0 9.0 0 10.0 10.0 0 0 0 10.0 3.0 0 0 9.5 0 0 0 10.0 0 0 0 0 0 0 9.0 4.0 0 10.0 0 0 9.0 0 0 0 0 0 10.0 0 0 0 10.0 0 0 0 0 9.5 10.0 0 10.0 0 0 0 0 0 0 0 10.0 0 
10.0 10.0 10.0 10.0 10.0 8.333333333333334 10.0 0 3.0 10.0 0 0 0 10.0 10.0 0 10.0 7.0 10.0 10.0 0 10.0 8.0 10.0 10.0 0 10.0 10.0 0 10.0 0 7.0 10.0 7.5 0 10.0 0 10.0 10.0 10.0 9.666666666666666 10.0 0 0 10.0 0 0 0 10.0 10.0 0 10.0 0 10.0 6.333333333333333 0 10.0 6.0 0 0 10.0 10.0 10.0 10.0 10.0 0 
10.0 0 0 0 10.0 0 0 4.0 0 0 0 0 10.0 10.0 0 0 10.0 10.0 10.0 10.0 9.0 0 10.0 0 9.0 10.0 0 0 0 0 0 10.0 0 0 0 10.0 0 0 0 10.0 0 10.0 0 0 10.0 10.0 7.0 0 10.0 0 0 0 0 0 10.0 10.0 0 10.0 10.0 0 10.0 0 10.0 0 0 0 
10.0 0 0 10.0 0 0 0 0 0 0 10.0 0 0 0 0 0 9.0 0 10.0 0 0 10.0 10.0 0 0 0 0 10.0 0 0 0 0 0 0 0 0 7.0 0 0 10.0 8.0 0 0 0 10.0 0 0 0 0 10.0 9.666666666666666 0 0 0 0 0 0 10.0 0 0 10.0 0 0 10.0 7.0 0 
10.0 10.0 0 0 10.0 10.0 10.0 0 10.0 10.0 7.5 10.0 0 10.0 7.75 10.0 10.0 10.0 0 10.0 0 10.0 10.0 10.0 10.0 10.0 10.0 10.0 10.0 10.0 10.0 6.0 7.0 0 0 10.0 0 0 10.0 0 10.0 0 8.0 1.0 10.0 10.0 0 9.0 0 10.0 0 10.0 10.0 0 10.0 8.0 10.0 10.0 10.0 10.0 10.0 0 10.0 10.0 9.666666666666666 0 
0 0 0 10.0 0 10.0 0 0 10.0 0 10.0 0 10.0 0 0 10.0 0 10.0 10.0 0 10.0 0 10.0 10.0 0 0 0 0 10.0 0 10.0 5.5 10.0 0 0 2.0 10.0 10.0 0 0 0 0 0 10.0 0 0 0 0 0 0 0 0 0 0 0 0 10.0 10.0 0 0 0 0 0 0 0 0 
2.0 0 10.0 8.0 0 0 0 0 9.0 0 0 10.0 10.0 0 0 0 0 0 0 0 0 0 0 0 0 0 10.0 0 0 0 0 10.0 0 0 0 0 0 0 0 10.0 10.0 0 10.0 0 0 0 0 0 0 0 0 0 0 9.0 0 0 0 9.5 0 10.0 0 0 10.0 10.0 0 0 
10.0 10.0 10.0 0 10.0 10.0 0 10.0 10.0 9.5 0 0 0 10.0 10.0 0 10.0 10.0 0 10.0 10.0 10.0 10.0 10.0 10.0 10.0 10.0 10.0 10.0 10.0 10.0 8.0 10.0 7.75 10.0 10.0 0 10.0 10.0 0 10.0 10.0 10.0 10.0 10.0 10.0 10.0 10.0 10.0 10.0 0 0 10.0 0 10.0 10.0 10.0 10.0 7.0 10.0 9.25 10.0 10.0 0 10.0 0 
10.0 0 0 5.5 10.0 0 0 0 10.0 0 10.0 0 10.0 9.0 0 10.0 0 0 5.0 0 0 10.0 10.0 0 0 0 3.0 0 10.0 6.0 10.0 4.0 0 0 0 10.0 5.0 10.0 10.0 0 0 10.0 0 0 10.0 0 0 10.0 0 0 10.0 3.0 0 0 0 0 10.0 9.0 10.0 0 6.5 0 0 10.0 10.0 0 
10.0 1.0 0 0 10.0 0 0 0 0 0 10.0 0 10.0 0 1.0 0 0 0 0 0 0 0 10.0 0 0 10.0 0 0 0 0 0 0 0 0 0 0 0 8.0 0 10.0 10.0 0 0 0 9.0 0 0 0 10.0 0 10.0 0 0 0 10.0 9.5 0 0 0 0 0 0 0 0 0 0 
0 0 0 0 0 0 0 0 10.0 10.0 10.0 0 10.0 0 0 0 0 0 0 4.0 0 0 0 10.0 0 0 0 0 0 10.0 0 0 10.0 0 0 10.0 0 0 0 0 0 10.0 10.0 0 0 0 0 0 0 0 0 0 10.0 0 10.0 0 10.0 0 1.0 0 0 0 0 0 0 0 
0 10.0 0 0 10.0 0 0 0 10.0 0 10.0 0 0 0 10.0 0 0 8.0 0 0 0 0 0 0 0 0 0 0 0 0 10.0 0 10.0 0 0 0 0 0 0 0 0 10.0 0 10.0 0 0 0 0 10.0 0 0 0 9.0 0 10.0 0 10.0 10.0 0 0 0 0 0 0 0 0 
10.0 10.0 0 10.0 10.0 0 0 0 0 0 0 0 10.0 0 0 10.0 0 10.0 10.0 0 0 10.0 0 0 0 7.666666666666667 0 10.0 10.0 0 0 10.0 10.0 0 0 0 0 0 0 10.0 10.0 10.0 0 0 10.0 0 0 10.0 10.0 10.0 0 0 10.0 0 10.0 0 10.0 0 10.0 0 10.0 0 10.0 0 0 0 
10.0 0 0 0 10.0 0 0 0 0 0 10.0 0 0 0 0 10.0 0 10.0 0 10.0 0 0 0 10.0 0 0 10.0 10.0 0 0 0 0 0 0 0 10.0 0 0 0 0 0 0 0 10.0 10.0 0 0 0 10.0 0 10.0 0 0 10.0 10.0 10.0 10.0 0 4.0 0 10.0 0 0 10.0 0 0 
0 9.5 0 10.0 0 0 0 0 10.0 0 6.0 0 9.0 0 0 0 10.0 0 0 10.0 7.0 0 0 0 0 0 10.0 0 0 0 0 0 0 0 0 10.0 0 0 0 0 0 0 0 0 10.0 0 0 0 10.0 0 0 0 10.0 0 0 0 0 9.0 10.0 10.0 10.0 10.0 0 0 10.0 0 
0 0 0 0 10.0 0 10.0 7.0 10.0 0 10.0 0 10.0 10.0 10.0 0 0 0 10.0 10.0 0 10.0 10.0 0 0 0 0 0 0 10.0 0 0 0 0 0 10.0 0 0 0 0 0 0 10.0 0 10.0 0 0 0 10.0 0 0 0 0 0 10.0 10.0 10.0 10.0 0 0 10.0 0 0 10.0 0 0 
0 10.0 10.0 10.0 0 10.0 10.0 0 10.0 10.0 10.0 10.0 0 10.0 10.0 0 10.0 0 0 10.0 0 0 6.0 0 0 10.0 10.0 10.0 10.0 0 10.0 10.0 0 0 0 10.0 10.0 10.0 0 0 10.0 0 0 0 10.0 0 0 10.0 0 0 0 0 0 0 10.0 10.0 10.0 10.0 0 10.0 10.0 0 10.0 0 0 0 
10.0 9.0 0 10.0 10.0 10.0 10.0 10.0 8.2 10.0 10.0 10.0 10.0 10.0 10.0 10.0 10.0 10.0 10.0 10.0 10.0 9.6 10.0 10.0 10.0 10.0 10.0 10.0 10.0 10.0 10.0 10.0 10.0 10.0 10.0 10.0 10.0 10.0 10.0 8.2 10.0 10.0 10.0 10.0 10.0 10.0 10.0 10.0 9.333333333333334 10.0 10.0 10.0 10.0 10.0 10.0 10.0 9.333333333333334 10.0 10.0 10.0 10.0 10.0 10.0 10.0 10.0 10.0 
0 0 10.0 0 8.5 0 0 0 9.666666666666666 0 10.0 0 10.0 4.0 10.0 10.0 1.0 10.0 10.0 0 0 8.333333333333334 0 0 0 3.0 10.0 5.5 5.0 10.0 0 6.75 10.0 0 0 10.0 0 0 0 0 10.0 9.0 10.0 0 9.666666666666666 0 0 10.0 0 7.75 0 0 10.0 8.0 8.0 0 0 10.0 10.0 9.0 10.0 0 0 0 0 0 
0 0 0 0 10.0 5.0 9.0 0 0 0 0 0 0 10.0 0 0 0 8.0 0 0 10.0 0 0 0 10.0 10.0 0 0 0 0 0 10.0 0 0 0 10.0 0 0 0 10.0 0 0 0 0 10.0 0 0 0 7.0 10.0 0 0 0 0 0 0 10.0 0 0 0 9.5 0 0 0 0 0 
10.0 10.0 0 0 9.5 8.0 0 0 10.0 0 0 0 0 0 0 10.0 10.0 0 0 0 0 10.0 10.0 10.0 0 0 10.0 10.0 10.0 0 0 0 10.0 0 10.0 0 0 0 0 10.0 10.0 10.0 10.0 10.0 0 9.0 10.0 10.0 0 0 0 0 0 10.0 0 0 8.0 10.0 0 10.0 10.0 0 10.0 0 10.0 0 
0 0 0 10.0 10.0 0 0 0 0 0 0 0 10.0 0 0 0 0 0 0 0 0 0 10.0 10.0 1.0 0 10.0 10.0 0 0 0 10.0 0 0 0 0 0 0 0 0 0 0 0 10.0 10.0 0 0 0 10.0 0 0 0 0 0 10.0 0 10.0 10.0 0 0 10.0 0 0 0 0 0 
0 0 0 10.0 0 0 10.0 0 10.0 0 10.0 0 0 0 10.0 1.0 0 0 10.0 0 0 10.0 0 0 10.0 10.0 0 0 10.0 0 0 10.0 10.0 0 0 0 0 10.0 6.0 10.0 0 10.0 0 0 10.0 0 0 0 9.75 0 0 0 0 0 10.0 0 10.0 10.0 0 0 0 0 0 10.0 0 0 
10.0 10.0 0 10.0 10.0 10.0 10.0 0 10.0 10.0 10.0 10.0 0 0 10.0 10.0 10.0 10.0 10.0 9.75 10.0 10.0 10.0 10.0 0 10.0 10.0 10.0 10.0 10.0 10.0 10.0 10.0 0 10.0 10.0 10.0 10.0 10.0 0 10.0 10.0 10.0 10.0 10.0 10.0 0 10.0 10.0 10.0 10.0 10.0 10.0 10.0 10.0 10.0 10.0 8.0 10.0 10.0 10.0 0 10.0 0 0 0 
0 0 0 0 10.0 0 0 0 10.0 0 0 9.0 9.0 0 0 0 0 10.0 0 10.0 9.0 0 0 0 0 10.0 0 0 10.0 0 0 0 0 0 0 10.0 0 0 0 0 0 10.0 0 9.0 0 0 0 0 10.0 0 0 0 0 0 0 0 0 0 10.0 8.0 0 0 10.0 0 0 0 
10.0 0 0 10.0 10.0 0 0 0 0 0 0 0 10.0 0 0 0 0 0 10.0 0 10.0 10.0 10.0 10.0 0 0 0 0 0 0 0 0 10.0 0 0 0 0 0 0 9.0 0 10.0 10.0 10.0 10.0 0 0 10.0 10.0 9.0 10.0 0 0 0 10.0 0 10.0 0 0 10.0 10.0 0 5.5 0 0 0 
0 10.0 0 10.0 10.0 0 0 10.0 10.0 0 10.0 10.0 9.0 9.0 0 0 0 10.0 0 0 0 10.0 0 0 0 10.0 0 10.0 0 0 0 0 0 0 0 0 0 0 0 0 10.0 10.0 0 0 10.0 0 0 0 10.0 0 0 0 10.0 0 10.0 0 0 0 10.0 0 0 0 0 0 0 0 
10.0 10.0 0 10.0 0 0 0 0 0 0 0 0 10.0 0 0 0 10.0 0 0 0 0 10.0 0 10.0 10.0 0 0 10.0 0 0 10.0 0 10.0 0 0 10.0 10.0 0 0 7.0 10.0 10.0 0 0 10.0 0 0 0 0 10.0 0 0 10.0 0 0 0 10.0 10.0 10.0 10.0 10.0 0 0 0 0 0 
0 0 10.0 10.0 10.0 10.0 0 0 10.0 10.0 0 10.0 10.0 10.0 0 0 0 10.0 8.0 6.0 0 2.0 10.0 0 8.5 10.0 0 0 10.0 10.0 10.0 10.0 0 0 8.0 0 0 10.0 8.0 0 0 0 10.0 10.0 10.0 0 5.5 0 10.0 10.0 10.0 0 10.0 0 10.0 0 0 0 0 10.0 0 10.0 0 0 0 10.0 
10.0 0 0 0 0 0 0 0 10.0 0 0 0 10.0 10.0 0 0 0 9.0 10.0 10.0 0 10.0 0 0 10.0 0 0 0 0 0 0 0 10.0 0 0 0 0 10.0 10.0 0 0 0 10.0 0 0 0 10.0 0 0 0 0 0 0 0 0 0 10.0 0 5.5 0 10.0 0 8.0 0 0 0 
8.5 0 0 10.0 9.333333333333334 10.0 1.0 0 0 0 0 0 0 8.0 0 5.5 0 0 10.0 8.0 0 0 10.0 0 7.0 10.0 10.0 9.0 0 0 0 10.0 0 0 0 9.0 0 2.0 0 1.0 0 0 0 0 10.0 0 0 0 0 5.5 10.0 0 0 0 10.0 0 9.5 8.0 4.0 0 0 0 0 0 0 0 
0 0 4.5 0 1.0 0 0 0 7.5 0 0 0 10.0 0 8.0 10.0 0 10.0 0 9.0 0 10.0 0 0 0 10.0 0 0 0 0 10.0 0 0 0 0 10.0 0 10.0 0 0 0 8.0 0 0 9.0 0 0 0 0 0 9.0 10.0 10.0 0 10.0 9.0 10.0 10.0 0 0 0 10.0 0 0 10.0 0 
0 0 8.0 0 0 0 0 0 10.0 0 10.0 0 0 0 0 0 0 10.0 0 0 10.0 10.0 0 10.0 0 0 0 0 10.0 10.0 0 10.0 0 0 10.0 0 0 0 0 0 0 0 0 0 0 0 0 0 6.5 10.0 0 9.5 0 0 0 0 10.0 10.0 10.0 0 10.0 0 0 10.0 0 0 
10.0 10.0 0 10.0 0 0 9.0 0 1.0 0 0 0 1.0 0 9.0 0 0 0 10.0 10.0 0 10.0 0 0 10.0 10.0 0 0 10.0 0 0 0 9.333333333333334 0 0 0 10.0 0 0 0 0 10.0 10.0 10.0 10.0 0 0 0 0 0 0 0 10.0 0 10.0 0 10.0 0 4.0 10.0 5.5 0 0 0 0 0 
0 0 0 10.0 0 0 0 0 0 0 10.0 10.0 0 10.0 0 0 0 0 10.0 0 0 0 0 10.0 10.0 0 0 0 10.0 0 0 0 10.0 0 10.0 0 0 10.0 10.0 10.0 10.0 0 0 0 10.0 10.0 0 9.5 0 0 10.0 0 0 0 10.0 10.0 0 0 10.0 0 10.0 0 0 0 0 0 
10.0 0 0 0 0 0 0 0 0 0 0 0 0 0 0 10.0 0 0 0 1.0 0 0 0 10.0 10.0 7.5 0 10.0 0 0 0 0 0 10.0 0 10.0 0 0 0 10.0 0 0 0 10.0 8.0 0 0 0 10.0 10.0 10.0 0 0 10.0 0 0 0 10.0 0 10.0 10.0 0 0 0 0 0 
9.0 0 0 10.0 10.0 0 10.0 0 10.0 0 0 0 10.0 10.0 0 0 10.0 0 10.0 10.0 0 0 10.0 10.0 10.0 10.0 10.0 10.0 10.0 10.0 0 0 10.0 0 0 10.0 0 10.0 0 0 10.0 10.0 10.0 10.0 9.0 0 10.0 10.0 10.0 10.0 10.0 0 10.0 0 10.0 0 10.0 1.0 10.0 0 10.0 10.0 10.0 4.0 0 0 
0 0 0 0 10.0 0 0 10.0 0 0 0 0 0 10.0 0 0 0 0 0 10.0 0 10.0 0 10.0 0 10.0 0 10.0 0 0 0 10.0 0 0 10.0 0 0 0 0 0 0 0 10.0 10.0 10.0 10.0 0 0 7.0 0 0 10.0 0 0 10.0 0 0 0 4.0 0 0 9.0 10.0 0 0 0 
10.0 0 0 0 10.0 0 0 0 0 0 10.0 0 0 0 0 0 0 10.0 0 10.0 10.0 10.0 0 0 0 10.0 0 0 10.0 0 0 9.5 0 0 10.0 0 0 0 0 0 0 9.5 10.0 10.0 10.0 10.0 0 0 0 9.5 0 0 10.0 0 10.0 0 0 10.0 0 0 0 0 0 0 0 0 
0 0 0 0 10.0 0 0 0 0 0 0 4.0 6.0 0 0 10.0 0 0 10.0 0 0 10.0 0 0 0 0 0 0 0 0 0 0 0 0 0 0 0 0 0 0 0 0 0 0 10.0 0 0 0 0 9.0 0 0 10.0 0 0 0 5.0 10.0 0 10.0 10.0 0 0 10.0 0 0 
10.0 0 0 0 0 0 0 0 10.0 0 10.0 0 0 10.0 0 0 0 0 10.0 0 0 0 0 10.0 0 0 0 0 0 0 0 0 0 10.0 0 10.0 0 0 0 0 0 8.0 10.0 0 10.0 0 0 9.0 0 0 0 0 0 0 10.0 0 10.0 0 0 0 0 0 0 0 0 0 
10.0 10.0 0 10.0 10.0 10.0 10.0 10.0 0 0 10.0 10.0 10.0 10.0 10.0 10.0 10.0 10.0 10.0 10.0 10.0 10.0 10.0 0 10.0 7.0 10.0 10.0 0 10.0 10.0 10.0 10.0 0 10.0 10.0 10.0 10.0 0 10.0 10.0 10.0 10.0 10.0 0 10.0 10.0 10.0 10.0 10.0 10.0 10.0 10.0 10.0 10.0 10.0 10.0 10.0 0 0 0 10.0 0 10.0 10.0 0 
0 0 8.0 10.0 9.0 0 0 10.0 8.0 0 0 0 0 5.5 10.0 0 0 10.0 6.0 9.0 0 0 0 0 10.0 10.0 0 10.0 6.0 0 10.0 10.0 0 0 0 10.0 0 0 0 0 4.0 8.5 0 10.0 0 0 0 10.0 10.0 0 10.0 0 0 0 10.0 0 10.0 10.0 0 10.0 10.0 0 0 10.0 0 0 
10.0 0 0 10.0 10.0 0 0 10.0 10.0 0 0 0 0 8.0 0 5.0 0 0 0 0 0 0 0 0 0 10.0 0 10.0 10.0 0 0 10.0 10.0 0 10.0 0 0 0 10.0 10.0 0 0 0 10.0 0 0 0 10.0 0 0 10.0 0 0 0 10.0 0 10.0 0 10.0 10.0 10.0 0 0 0 0 0 
10.0 0 0 10.0 0 0 0 0 0 0 0 10.0 10.0 0 0 9.0 0 0 0 10.0 0 10.0 0 10.0 0 0 0 0 0 0 0 10.0 0 0 0 7.0 0 0 0 0 0 0 0 10.0 10.0 0 0 0 0 10.0 0 0 10.0 0 10.0 0 10.0 0 0 10.0 0 0 0 10.0 0 0 
0 0 0 0 10.0 9.0 0 0 8.2 0 0 10.0 10.0 0 0 0 0 0 0 0 10.0 10.0 0 0 0 10.0 0 0 10.0 0 10.0 0 10.0 0 0 10.0 10.0 0 0 10.0 0 10.0 0 8.0 10.0 0 0 10.0 10.0 0 0 10.0 0 0 0 10.0 0 10.0 0 10.0 0 0 0 10.0 0 0 
10.0 10.0 0 10.0 0 0 10.0 0 9.0 0 10.0 0 10.0 10.0 0 0 0 10.0 10.0 10.0 0 10.0 0 0 10.0 0 10.0 0 10.0 10.0 0 10.0 10.0 10.0 10.0 10.0 0 10.0 0 10.0 10.0 10.0 10.0 10.0 0 0 10.0 10.0 10.0 10.0 10.0 9.5 0 10.0 10.0 10.0 10.0 10.0 0 0 10.0 10.0 10.0 10.0 0 0 
0 0 0 0 10.0 0 0 0 10.0 0 10.0 10.0 10.0 0 0 0 0 10.0 0 0 0 0 10.0 0 0 0 0 0 9.0 0 10.0 10.0 0 0 7.0 0 0 0 0 0 0 0 0 0 10.0 0 0 0 10.0 0 0 10.0 10.0 0 0 0 0 10.0 0 0 10.0 0 0 0 0 0 
10.0 10.0 0 10.0 10.0 0 1.0 10.0 0 0 0 10.0 8.0 0 10.0 0 10.0 10.0 10.0 10.0 0 0 10.0 0 0 10.0 10.0 10.0 10.0 0 0 10.0 5.5 0 0 0 10.0 0 0 5.0 0 10.0 10.0 9.0 0 0 10.0 10.0 0 10.0 0 0 9.5 0 10.0 0 10.0 9.5 0 10.0 9.666666666666666 0 0 0 10.0 0 
10.0 0 0 0 0 0 0 10.0 0 0 10.0 0 10.0 10.0 9.0 10.0 10.0 10.0 0 9.0 0 10.0 0 0 10.0 10.0 9.0 0 0 0 10.0 0 0 0 0 0 0 10.0 0 10.0 0 10.0 0 10.0 0 0 0 0 9.666666666666666 10.0 0 0 10.0 0 10.0 0 9.0 9.0 1.0 10.0 0 0 10.0 10.0 0 0 
0 10.0 0 0 0 0 0 0 10.0 0 10.0 0 10.0 10.0 0 0 0 0 0 0 10.0 9.5 0 0 10.0 10.0 0 0 0 0 10.0 10.0 9.333333333333334 10.0 0 10.0 10.0 0 0 9.5 9.666666666666666 10.0 10.0 10.0 10.0 10.0 9.0 10.0 8.0 10.0 0 0 10.0 0 10.0 0 10.0 10.0 0 0 10.0 10.0 10.0 10.0 0 0 
0 0 0 0 10.0 0 0 0 10.0 0 0 0 0 8.0 0 0 0 0 0 0 0 0 0 0 10.0 0 10.0 9.0 0 10.0 0 10.0 10.0 10.0 10.0 10.0 0 0 0 0 10.0 0 0 0 0 0 0 0 10.0 0 0 0 10.0 0 10.0 0 10.0 10.0 5.5 0 10.0 0 0 0 10.0 0 
10.0 0 0 10.0 0 0 0 0 0 0 10.0 10.0 9.0 0 0 0 0 0 10.0 10.0 0 0 10.0 10.0 10.0 10.0 10.0 10.0 10.0 10.0 0 0 0 0 0 0 0 0 0 0 10.0 0 0 0 1.0 0 0 10.0 0 10.0 10.0 0 0 0 10.0 0 1.0 0 0 0 0 0 0 0 0 0 
10.0 7.0 0 0 10.0 0 0 0 9.666666666666666 0 0 8.0 10.0 10.0 10.0 10.0 10.0 10.0 1.0 0 10.0 10.0 0 0 0 10.0 0 10.0 0 0 10.0 10.0 9.0 10.0 0 10.0 10.0 0 10.0 0 10.0 10.0 10.0 0 10.0 10.0 10.0 10.0 10.0 0 0 0 10.0 0 10.0 10.0 10.0 10.0 6.25 0 0 0 10.0 10.0 10.0 0 
0 0 0 0 10.0 0 0 0 10.0 0 0 0 9.333333333333334 10.0 10.0 0 0 10.0 0 10.0 0 10.0 0 0 0 10.0 0 0 0 0 0 10.0 0 0 0 10.0 10.0 0 0 10.0 0 10.0 0 10.0 10.0 0 0 10.0 0 9.5 10.0 0 0 0 10.0 0 0 10.0 0 0 0 0 10.0 0 0 0 
0 10.0 0 0 9.0 0 10.0 0 10.0 0 0 0 0 10.0 10.0 0 0 0 0 0 0 0 0 10.0 0 0 0 0 10.0 0 0 0 10.0 0 0 10.0 0 0 10.0 0 0 0 0 0 10.0 0 0 0 10.0 0 0 0 10.0 0 0 0 0 10.0 0 0 9.0 0 0 0 0 0 
9.0 0 0 0 10.0 0 0 0 10.0 0 10.0 0 10.0 10.0 0 0 0 0 0 10.0 0 0 10.0 0 0 0 0 10.0 0 0 0 0 0 0 0 0 0 0 8.0 0 0 0 0 10.0 10.0 0 0 0 10.0 0 0 0 10.0 10.0 10.0 0 0 0 10.0 10.0 0 0 10.0 0 0 0 
10.0 10.0 0 10.0 10.0 0 0 10.0 10.0 0 10.0 0 10.0 8.0 10.0 1.0 3.0 0 0 0 0 0 9.5 10.0 10.0 10.0 10.0 0 0 0 0 0 10.0 10.0 0 0 0 0 0 0 0 10.0 0 0 10.0 0 0 0 0 10.0 0 0 10.0 0 10.0 0 10.0 0 0 10.0 10.0 10.0 0 0 0 0 
0 10.0 9.5 10.0 10.0 2.0 0 0 2.0 4.0 0 0 0 10.0 0 0 0 0 10.0 0 0 10.0 10.0 0 0 10.0 0 10.0 0 10.0 10.0 0 10.0 0 0 0 0 0 10.0 10.0 10.0 0 0 10.0 9.0 10.0 0 0 10.0 10.0 10.0 10.0 0 0 10.0 0 0 10.0 10.0 10.0 0 7.0 9.5 0 10.0 0 
0 0 0 5.5 10.0 0 10.0 9.0 0 0 0 0 0 0 0 0 0 5.5 10.0 0 0 0 0 0 0 0 0 1.0 0 0 10.0 10.0 0 10.0 0 10.0 0 0 0 10.0 0 10.0 10.0 9.5 10.0 0 0 0 10.0 10.0 10.0 0 0 0 10.0 10.0 0 10.0 10.0 10.0 0 10.0 0 10.0 10.0 0 
0 0 0 0 10.0 0 0 0 10.0 5.0 0 0 10.0 0 0 0 0 0 0 0 0 0 0 0 0 10.0 0 0 0 0 0 0 10.0 0 0 0 0 10.0 0 7.0 0 0 10.0 0 7.5 0 0 0 0 0 0 0 0 0 10.0 8.0 9.25 10.0 0 10.0 0 0 0 0 0 0 
10.0 0 9.0 1.0 0 0 0 0 10.0 10.0 0 0 10.0 10.0 10.0 10.0 8.5 10.0 10.0 0 0 0 0 10.0 0 10.0 0 10.0 7.0 9.0 0 0 8.5 10.0 0 0 10.0 0 8.0 9.0 4.0 10.0 9.0 0 10.0 0 0 10.0 10.0 10.0 0 10.0 10.0 0 10.0 0 10.0 10.0 0 10.0 0 0 0 9.0 0 0 
0 0 0 8.5 0 0 0 0 10.0 0 10.0 0 0 10.0 0 0 0 10.0 0 0 0 10.0 10.0 0 0 0 0 0 0 10.0 0 0 0 0 0 0 0 0 0 0 0 7.0 10.0 0 10.0 0 0 10.0 0 0 0 8.0 0 0 10.0 1.0 10.0 10.0 0 0 0 0 10.0 0 0 0 
10.0 0 0 10.0 10.0 8.0 0 0 0 0 10.0 0 0 10.0 0 10.0 0 0 0 10.0 4.0 10.0 0 0 0 10.0 0 0 0 0 0 8.5 10.0 0 0 0 0 0 0 8.0 0 10.0 0 0 10.0 0 0 5.0 0 0 0 0 10.0 0 10.0 0 10.0 10.0 5.5 0 10.0 0 8.5 8.0 0 0 
9.333333333333334 0 0 9.0 0 9.0 0 0 10.0 1.0 10.0 0 10.0 10.0 0 0 0 0 10.0 10.0 0 0 0 9.0 0 0 0 10.0 10.0 10.0 6.5 0 10.0 2.0 0 10.0 0 0 0 10.0 0 10.0 0 0 10.0 0 0 0 10.0 10.0 10.0 0 9.5 0 0 0 0 10.0 10.0 0 5.5 10.0 8.0 0 0 0 
10.0 0 10.0 10.0 0 8.5 10.0 0 0 0 0 0 0 0 0 5.5 0 0 0 0 10.0 0 9.0 10.0 0 10.0 10.0 0 9.0 10.0 0 10.0 0 0 0 8.0 0 0 0 10.0 10.0 10.0 10.0 9.0 10.0 0 0 10.0 0 0 0 0 0 5.0 10.0 10.0 10.0 10.0 9.5 10.0 10.0 10.0 0 0 7.0 0 
10.0 10.0 0 0 0 0 0 0 2.0 0 0 0 0 0 0 0 0 6.0 10.0 10.0 0 0 0 10.0 0 0 7.0 10.0 10.0 0 0 0 0 0 0 0 0 0 0 10.0 0 10.0 10.0 0 10.0 0 0 10.0 10.0 0 0 0 0 0 9.666666666666666 10.0 8.5 10.0 1.0 0 8.0 0 0 0 0 0 
10.0 0 0 10.0 0 0 0 0 0 0 0 0 0 10.0 0 0 0 10.0 10.0 10.0 0 10.0 10.0 0 0 0 0 10.0 0 0 0 0 10.0 0 0 10.0 0 0 0 0 0 10.0 10.0 0 10.0 0 0 10.0 9.0 0 0 0 10.0 0 10.0 0 10.0 10.0 1.0 0 3.0 0 10.0 0 10.0 0 
10.0 0 0 0 10.0 0 10.0 10.0 10.0 10.0 10.0 10.0 0 10.0 10.0 0 0 10.0 0 0 0 10.0 10.0 10.0 0 10.0 10.0 10.0 9.5 10.0 10.0 10.0 0 0 10.0 10.0 0 10.0 0 0 0 10.0 0 10.0 9.666666666666666 0 10.0 10.0 10.0 0 10.0 10.0 10.0 0 10.0 0 9.333333333333334 10.0 0 10.0 10.0 10.0 10.0 0 10.0 0 
0 0 0 0 0 0 0 0 0 0 10.0 0 0 10.0 0 10.0 0 5.5 0 0 0 0 0 0 0 10.0 0 10.0 0 0 0 0 10.0 0 0 0 0 0 0 0 0 10.0 0 0 10.0 0 0 0 0 0 10.0 0 8.0 0 10.0 0 10.0 6.0 1.0 0 10.0 0 10.0 0 0 0 
10.0 0 0 0 10.0 0 0 0 0 10.0 0 0 10.0 10.0 10.0 0 0 0 10.0 10.0 0 0 0 0 0 10.0 10.0 0 0 0 0 0 0 0 0 0 0 0 10.0 10.0 0 10.0 0 0 0 0 0 0 0 0 0 0 10.0 0 10.0 0 0 10.0 0 0 0 0 10.0 0 0 0 
10.0 10.0 9.5 0 0 0 10.0 0 10.0 0 0 0 10.0 9.5 0 0 10.0 0 0 9.0 0 0 0 10.0 10.0 0 0 0 9.0 0 0 0 10.0 0 0 0 0 0 0 0 9.5 0 0 9.5 0 0 10.0 0 9.0 0 0 0 0 0 10.0 10.0 0 8.0 0 0 0 0 10.0 10.0 0 0 
10.0 0 0 10.0 10.0 10.0 0 8.5 10.0 0 0 10.0 8.5 0 10.0 0 7.0 0 5.0 0 10.0 10.0 0 10.0 0 10.0 10.0 0 10.0 0 10.0 10.0 0 7.0 10.0 0 0 10.0 0 10.0 0 8.333333333333334 10.0 8.666666666666666 4.0 10.0 0 0 8.666666666666666 10.0 10.0 10.0 0 10.0 0 5.0 10.0 0 0 9.0 0 0 8.5 7.0 7.5 0 
1.0 0 0 0 10.0 0 0 0 0 0 10.0 0 10.0 0 0 0 0 0 0 10.0 0 10.0 0 0 0 0 0 0 0 0 0 0 0 0 0 0 0 0 0 0 0 0 0 0 10.0 0 0 0 0 10.0 10.0 0 10.0 0 0 10.0 0 10.0 0 0 0 0 0 10.0 0 0 
10.0 0 0 10.0 0 0 0 0 0 0 9.0 0 0 10.0 10.0 0 0 0 0 10.0 10.0 0 0 0 10.0 0 10.0 0 0 0 0 0 0 0 0 0 0 0 0 0 0 0 0 0 10.0 10.0 0 0 0 0 0 0 0 0 10.0 0 0 10.0 1.0 10.0 10.0 0 0 0 0 0 
0 10.0 0 10.0 10.0 0 0 10.0 10.0 0 10.0 0 9.666666666666666 10.0 0 0 0 10.0 0 10.0 0 0 10.0 0 0 0 10.0 10.0 0 0 0 0 10.0 0 0 10.0 9.0 10.0 10.0 0 10.0 0 10.0 0 0 5.5 10.0 0 10.0 0 0 0 10.0 0 10.0 10.0 10.0 10.0 10.0 10.0 10.0 0 0 10.0 0 0 
6.0 0 0 0 0 0 0 10.0 0 0 0 0 0 0 0 0 0 0 0 0 0 0 0 0 0 0 0 0 3.0 10.0 4.0 3.0 0 0 0 0 0 0 0 0 10.0 7.0 0 0 8.0 0 0 9.0 0 0 0 0 10.0 0 7.0 0 10.0 10.0 5.5 0 9.0 0 0 1.0 0 0 
0 0 1.0 10.0 0 0 0 0 0 0 10.0 0 7.0 0 8.0 0 0 10.0 0 10.0 2.0 0 0 10.0 10.0 0 10.0 10.0 0 9.0 0 0 0 0 0 10.0 10.0 0 0 0 0 0 0 0 0 0 0 0 10.0 0 0 0 0 0 0 10.0 10.0 10.0 10.0 0 0 0 10.0 10.0 0 0 
9.0 0 0 0 10.0 10.0 0 0 9.5 10.0 0 10.0 0 10.0 4.0 0 0 0 10.0 10.0 10.0 10.0 0 0 0 10.0 0 10.0 9.0 0 10.0 0 10.0 9.0 0 10.0 0 10.0 0 0 0 10.0 10.0 10.0 0 0 9.0 0 10.0 10.0 0 0 0 10.0 0 6.0 10.0 0 5.5 0 0 0 0 10.0 10.0 0 
0 10.0 0 10.0 10.0 9.0 0 0 10.0 0 10.0 10.0 10.0 0 10.0 10.0 10.0 10.0 10.0 0 0 10.0 9.0 0 0 10.0 0 10.0 10.0 0 10.0 10.0 10.0 10.0 0 10.0 10.0 0 10.0 0 10.0 10.0 0 10.0 10.0 0 0 0 10.0 10.0 10.0 9.0 10.0 10.0 10.0 0 7.0 9.0 10.0 4.0 0 10.0 10.0 0 10.0 0 
10.0 10.0 0 10.0 10.0 0 0 0 10.0 0 10.0 0 10.0 0 0 0 10.0 10.0 2.0 10.0 0 0 0 0 0 0 0 0 0 0 0 0 0 0 0 10.0 8.0 0 0 0 10.0 0 10.0 10.0 10.0 0 0 0 0 0 0 0 0 0 10.0 0 10.0 10.0 0 10.0 10.0 0 0 9.5 0 0 
10.0 10.0 0 10.0 10.0 10.0 10.0 9.5 0 0 0 10.0 10.0 10.0 10.0 0 10.0 1.0 0 10.0 9.0 0 10.0 7.0 10.0 10.0 10.0 0 10.0 10.0 0 10.0 0 0 10.0 10.0 0 0 10.0 0 10.0 10.0 10.0 10.0 1.0 10.0 0 10.0 10.0 10.0 10.0 0 0 0 10.0 0 10.0 0 0 10.0 10.0 0 10.0 10.0 10.0 0 
0 0 0 10.0 10.0 0 0 10.0 9.666666666666666 0 10.0 0 10.0 0 0 0 10.0 0 0 0 0 10.0 10.0 0 0 10.0 0 10.0 0 10.0 0 9.0 0 0 0 8.333333333333334 0 0 10.0 0 10.0 0 10.0 10.0 10.0 0 0 0 8.0 10.0 0 0 0 0 10.0 0 10.0 10.0 0 0 10.0 10.0 10.0 10.0 10.0 0 
0 10.0 0 0 0 0 0 0 0 0 10.0 0 0 0 0 0 0 10.0 0 0 0 10.0 0 0 0 10.0 0 0 0 0 0 0 0 10.0 0 0 0 0 0 0 0 9.0 0 0 10.0 0 0 0 0 0 0 0 0 0 10.0 10.0 10.0 0 0 0 10.0 0 10.0 0 0 0 
10.0 0 0 10.0 10.0 6.0 0 0 10.0 0 0 0 0 0 0 0 0 0 0 0 0 0 10.0 0 0 10.0 0 7.0 0 10.0 0 0 0 0 0 0 0 10.0 0 10.0 0 10.0 0 10.0 10.0 0 0 0 10.0 0 0 0 0 0 10.0 10.0 10.0 0 0 0 10.0 0 0 0 0 0 
10.0 7.5 0 9.333333333333334 10.0 10.0 0 0 10.0 10.0 10.0 0 10.0 10.0 0 0 0 0 10.0 10.0 10.0 10.0 10.0 0 10.0 10.0 10.0 5.5 10.0 10.0 10.0 10.0 10.0 0 0 10.0 0 0 0 10.0 9.5 10.0 10.0 0 10.0 0 0 0 0 10.0 0 0 10.0 10.0 10.0 10.0 10.0 10.0 7.75 10.0 0 0 10.0 10.0 0 0 
0 10.0 0 8.0 0 0 0 0 10.0 0 0 10.0 10.0 10.0 0 0 0 0 0 0 0 0 10.0 0 0 0 0 4.0 10.0 0 0 0 10.0 0 0 0 0 0 0 10.0 0 0 0 10.0 10.0 0 0 0 10.0 10.0 0 0 10.0 0 0 10.0 0 9.0 10.0 0 0 0 0 0 0 0 
0 0 0 9.0 10.0 0 0 0 10.0 0 0 0 8.0 0 0 0 0 0 0 0 10.0 0 0 0 0 0 0 0 0 0 0 0 10.0 0 0 0 0 0 0 0 0 0 10.0 0 0 0 0 10.0 0 5.0 0 0 0 0 0 0 0 0 0 10.0 0 0 0 0 0 0 
0 10.0 0 10.0 10.0 0 0 0 0 0 0 0 9.0 0 10.0 0 0 10.0 0 1.0 0 0 0 0 9.0 10.0 0 0 0 0 0 10.0 10.0 0 0 0 0 0 0 10.0 0 10.0 10.0 10.0 10.0 0 10.0 0 0 0 0 10.0 0 0 0 0 10.0 7.0 10.0 10.0 10.0 0 10.0 0 0 0 
10.0 0 0 10.0 0 0 0 0 0 10.0 0 0 0 10.0 0 0 0 0 0 10.0 0 0 0 10.0 10.0 0 0 0 0 0 0 0 10.0 0 0 0 0 0 0 0 0 10.0 10.0 10.0 0 0 0 0 0 0 10.0 10.0 0 0 0 0 0 10.0 8.5 0 10.0 0 0 8.0 0 0 
9.75 0 0 10.0 10.0 0 0 10.0 10.0 10.0 0 10.0 0 0 10.0 10.0 10.0 0 0 10.0 10.0 10.0 0 0 10.0 10.0 0 10.0 0 10.0 10.0 10.0 10.0 10.0 0 0 0 10.0 6.0 10.0 10.0 0 10.0 10.0 0 0 10.0 10.0 9.666666666666666 10.0 0 10.0 0 10.0 10.0 9.5 10.0 10.0 0 10.0 10.0 10.0 10.0 10.0 7.0 0 
0 0 0 10.0 10.0 0 0 0 10.0 0 0 0 10.0 10.0 10.0 0 0 0 0 0 0 0 0 0 0 10.0 0 0 1.0 10.0 0 0 0 10.0 0 0 0 0 0 10.0 0 0 0 0 10.0 0 10.0 10.0 0 0 0 0 5.5 0 10.0 10.0 0 0 10.0 0 0 0 0 0 10.0 0 
0 0 0 0 0 10.0 0 0 10.0 0 0 0 0 0 0 0 0 0 0 0 0 0 0 0 0 10.0 0 10.0 10.0 0 0 0 10.0 0 0 0 0 0 0 0 0 10.0 10.0 0 10.0 0 0 0 10.0 10.0 10.0 0 0 10.0 0 10.0 10.0 10.0 0 0 10.0 0 0 10.0 0 0 
10.0 0 0 0 10.0 0 0 0 10.0 0 0 0 0 10.0 0 0 0 0 10.0 0 0 0 0 0 0 0 0 0 0 0 0 0 10.0 0 0 0 0 0 0 0 0 0 0 10.0 0 0 0 10.0 10.0 0 0 0 0 0 0 0 0 10.0 0 0 0 0 0 10.0 0 0 
