9.52
9.2
10.0
10.0
10.0
8.0
9.6
10.0
10.0
10.0
9.5
7.0
8.4
10.0
10.0
10.0
9.6
10.0
10.0
10.0
1.0
10.0
10.0
7.25
10.0
9.5
9.571428571428571
10.0
10.0
9.0
10.0
8.0
7.0
10.0
10.0
10.0
9.25
10.0
9.333333333333334
10.0
9.916666666666666
9.7
9.142857142857142
10.0
10.0
10.0
10.0
9.714285714285714
9.96
10.0
10.0
8.333333333333334
8.666666666666666
8.571428571428571
2.0
10.0
8.75
9.88888888888889
9.8
10.0
10.0
4.0
9.0
10.0
9.75
10.0
10.0
10.0
10.0
10.0
10.0
10.0
9.909090909090908
10.0
9.0
9.666666666666666
8.8
10.0
10.0
8.0
8.571428571428571
7.571428571428571
10.0
10.0
10.0
10.0
10.0
9.916666666666666
10.0
9.489795918367347
10.0
1.0
1.0
10.0
9.8
10.0
10.0
10.0
10.0
5.333333333333333
10.0
10.0
10.0
7.5
9.666666666666666
9.8
9.909090909090908
10.0
10.0
10.0
10.0
10.0
10.0
8.0
10.0
10.0
10.0
10.0
9.363636363636363
10.0
10.0
8.0
7.0
9.42
9.9
9.833333333333334
9.333333333333334
10.0
10.0
10.0
10.0
10.0
9.78
4.0
10.0
10.0
10.0
1.0
9.666666666666666
10.0
10.0
10.0
10.0
8.307692307692308
9.5
10.0
10.0
10.0
10.0
10.0
10.0
10.0
10.0
1.0
8.2
7.6
4.5
10.0
10.0
9.8
10.0
7.0
10.0
10.0
10.0
10.0
8.25
10.0
9.444444444444445
9.4
9.75
6.333333333333333
10.0
8.583333333333334
9.375
10.0
9.666666666666666
10.0
10.0
5.5
5.0
10.0
10.0
10.0
1.0
9.384615384615385
3.0
9.736842105263158
7.0
10.0
10.0
8.2
9.0
10.0
8.0
4.0
9.9
1.0
8.0
10.0
9.666666666666666
10.0
10.0
6.0
10.0
8.5
9.6
9.785714285714286
10.0
9.333333333333334
10.0
10.0
10.0
10.0
9.5
10.0
10.0
9.0
10.0
9.38888888888889
10.0
10.0
10.0
10.0
8.0
10.0
10.0
9.81081081081081
10.0
10.0
10.0
10.0
10.0
9.6
1.0
10.0
10.0
10.0
10.0
10.0
10.0
10.0
9.941176470588236
10.0
10.0
8.714285714285714
9.75
10.0
10.0
8.8
10.0
10.0
10.0
10.0
10.0
9.84
10.0
10.0
7.5
10.0
9.0
8.833333333333334
10.0
10.0
10.0
10.0
10.0
9.4
10.0
10.0
7.461538461538462
10.0
10.0
10.0
10.0
9.8125
9.8
10.0
9.0
10.0
8.0
10.0
10.0
7.666666666666667
9.576923076923077
10.0
10.0
10.0
9.15
9.666666666666666
10.0
10.0
10.0
9.0
10.0
10.0
10.0
9.833333333333334
9.333333333333334
10.0
10.0
9.3
8.5
10.0
9.666666666666666
10.0
10.0
8.714285714285714
10.0
10.0
10.0
7.833333333333333
9.846153846153847
8.166666666666666
9.807692307692308
10.0
1.0
10.0
10.0
9.0
9.0
9.5
10.0
10.0
9.32
10.0
10.0
9.5
10.0
10.0
9.642857142857142
1.0
7.0
10.0
10.0
10.0
10.0
9.5
6.0
7.0
6.0
10.0
10.0
10.0
8.5
10.0
10.0
10.0
10.0
10.0
10.0
10.0
10.0
9.96
9.333333333333334
10.0
9.724137931034482
9.5
10.0
10.0
10.0
10.0
9.7
9.666666666666666
10.0
10.0
10.0
7.5
10.0
10.0
10.0
10.0
9.0
10.0
8.666666666666666
10.0
10.0
10.0
10.0
10.0
10.0
10.0
8.333333333333334
10.0
10.0
10.0
8.272727272727273
10.0
10.0
10.0
9.538461538461538
4.0
10.0
9.0
1.0
9.862068965517242
9.0
9.75
8.333333333333334
10.0
10.0
10.0
10.0
10.0
10.0
10.0
10.0
9.5
9.4
9.448275862068966
9.666666666666666
10.0
10.0
9.75
9.88888888888889
9.88
10.0
9.285714285714286
10.0
9.0
10.0
10.0
10.0
9.666666666666666
10.0
10.0
10.0
10.0
10.0
9.875
10.0
9.5
8.0
10.0
6.0
9.8
10.0
10.0
10.0
9.695652173913043
10.0
8.0
9.74
9.705882352941176
9.88888888888889
2.5
10.0
10.0
8.5
9.875
9.75
10.0
10.0
10.0
10.0
10.0
10.0
8.5
10.0
10.0
10.0
8.0
10.0
10.0
10.0
9.0
9.5
10.0
10.0
10.0
9.583333333333334
9.833333333333334
10.0
10.0
10.0
5.0
10.0
9.761904761904763
9.875
10.0
7.0
10.0
9.25
10.0
10.0
9.19047619047619
10.0
9.875
9.777777777777779
9.88
10.0
10.0
10.0
4.0
10.0
9.833333333333334
10.0
9.375
10.0
10.0
10.0
10.0
10.0
10.0
10.0
10.0
10.0
9.857142857142858
10.0
10.0
10.0
8.0
10.0
10.0
10.0
10.0
10.0
10.0
9.6
10.0
10.0
10.0
9.961538461538462
10.0
10.0
8.0
8.571428571428571
9.75
10.0
10.0
9.0
10.0
10.0
7.5
10.0
9.833333333333334
10.0
10.0
9.714285714285714
10.0
9.357142857142858
10.0
10.0
9.82
9.0
10.0
7.5
10.0
10.0
10.0
10.0
5.0
10.0
10.0
8.666666666666666
9.6
10.0
10.0
9.461538461538462
10.0
10.0
7.0
10.0
9.938775510204081
10.0
9.693877551020408
10.0
8.5
8.875
10.0
10.0
10.0
9.75
9.12
10.0
10.0
10.0
9.744186046511627
10.0
10.0
10.0
10.0
10.0
9.0
10.0
6.319148936170213
10.0
10.0
10.0
1.0
9.692307692307692
10.0
10.0
10.0
10.0
10.0
10.0
10.0
9.714285714285714
8.0
9.28
10.0
9.914285714285715
10.0
7.75
10.0
7.666666666666667
10.0
10.0
10.0
9.0
10.0
10.0
10.0
10.0
10.0
9.0
7.0
10.0
10.0
10.0
10.0
10.0
9.214285714285714
10.0
9.733333333333333
7.0
9.25
10.0
7.0
9.842105263157896
10.0
10.0
10.0
7.0
10.0
8.125
10.0
10.0
10.0
10.0
10.0
10.0
8.333333333333334
7.75
9.5
10.0
9.166666666666666
10.0
10.0
7.0
10.0
10.0
10.0
9.304347826086957
10.0
