5.5
10.0
6.333333333333333
9.0
9.777777777777779
10.0
10.0
10.0
10.0
10.0
9.666666666666666
10.0
8.181818181818182
9.0
10.0
10.0
10.0
10.0
9.5
10.0
10.0
10.0
6.0
8.333333333333334
9.785714285714286
10.0
10.0
10.0
10.0
10.0
10.0
10.0
9.333333333333334
7.0
10.0
9.0
9.666666666666666
10.0
10.0
10.0
10.0
8.75
9.0
10.0
8.0
10.0
10.0
10.0
10.0
10.0
10.0
9.666666666666666
0
9.333333333333334
10.0
10.0
10.0
9.5
10.0
10.0
9.0
1.0
9.333333333333334
9.625
9.0
10.0
9.333333333333334
10.0
9.933333333333334
10.0
10.0
8.8
10.0
10.0
10.0
3.0
10.0
0
10.0
10.0
9.0
8.142857142857142
10.0
8.0
9.0
10.0
10.0
9.5
10.0
10.0
9.195652173913043
8.75
10.0
10.0
3.0
10.0
10.0
10.0
10.0
10.0
10.0
10.0
10.0
10.0
9.666666666666666
10.0
10.0
10.0
8.0
10.0
7.0
10.0
10.0
10.0
9.5
10.0
10.0
9.0
10.0
10.0
10.0
8.2
6.6
10.0
10.0
8.2
9.25
10.0
10.0
10.0
10.0
10.0
10.0
10.0
5.75
10.0
10.0
10.0
10.0
10.0
8.666666666666666
10.0
9.0
9.0
10.0
10.0
10.0
10.0
5.5
0
7.75
10.0
10.0
9.333333333333334
10.0
10.0
10.0
8.285714285714286
9.833333333333334
10.0
10.0
9.0
10.0
6.2727272727272725
10.0
10.0
9.1
10.0
10.0
9.5
10.0
9.5
10.0
1.0
10.0
10.0
10.0
9.666666666666666
8.0
10.0
10.0
10.0
10.0
10.0
10.0
10.0
10.0
1.0
10.0
4.0
10.0
10.0
10.0
10.0
9.0
10.0
10.0
9.0
10.0
10.0
3.0
10.0
10.0
10.0
10.0
10.0
10.0
10.0
10.0
10.0
10.0
4.0
10.0
10.0
10.0
10.0
10.0
10.0
10.0
10.0
9.166666666666666
9.666666666666666
10.0
10.0
10.0
10.0
10.0
10.0
8.666666666666666
10.0
10.0
10.0
10.0
10.0
10.0
10.0
10.0
10.0
10.0
7.0
10.0
10.0
10.0
10.0
6.0
10.0
10.0
10.0
10.0
10.0
9.957142857142857
10.0
7.5
10.0
10.0
10.0
10.0
8.5
10.0
10.0
10.0
9.444444444444445
9.0
10.0
7.461538461538462
10.0
10.0
10.0
10.0
10.0
10.0
9.5
10.0
10.0
10.0
10.0
10.0
10.0
7.25
10.0
8.0
10.0
10.0
10.0
9.0
10.0
10.0
8.333333333333334
10.0
10.0
10.0
10.0
7.5
10.0
10.0
10.0
10.0
8.2
10.0
10.0
10.0
10.0
10.0
10.0
10.0
10.0
10.0
8.75
1.0
10.0
10.0
10.0
10.0
4.0
10.0
10.0
9.9
10.0
10.0
10.0
10.0
9.0
10.0
9.0
10.0
10.0
10.0
10.0
10.0
10.0
10.0
10.0
9.5
10.0
10.0
9.5
10.0
9.1
10.0
10.0
10.0
9.75
10.0
10.0
10.0
10.0
10.0
10.0
10.0
8.0
10.0
10.0
4.0
10.0
10.0
10.0
10.0
10.0
10.0
10.0
8.666666666666666
10.0
10.0
10.0
10.0
10.0
10.0
10.0
9.666666666666666
8.625
1.0
10.0
10.0
10.0
10.0
10.0
10.0
10.0
9.625
10.0
10.0
6.0
10.0
10.0
10.0
7.166666666666667
8.2
10.0
10.0
10.0
8.0
9.0
8.333333333333334
10.0
6.4
9.25
10.0
10.0
10.0
8.333333333333334
9.0
8.0
8.833333333333334
10.0
10.0
10.0
10.0
10.0
10.0
10.0
9.0
10.0
9.0
10.0
10.0
9.5
10.0
7.0
8.363636363636363
10.0
10.0
10.0
10.0
10.0
9.666666666666666
10.0
10.0
10.0
10.0
10.0
10.0
10.0
10.0
10.0
8.0
10.0
8.75
10.0
1.0
10.0
10.0
10.0
7.333333333333333
10.0
10.0
9.0
5.5
10.0
10.0
10.0
8.0
10.0
10.0
9.5
10.0
10.0
10.0
9.0
10.0
10.0
9.0
10.0
9.5
10.0
9.0
10.0
10.0
10.0
10.0
10.0
10.0
10.0
10.0
10.0
10.0
10.0
7.5
10.0
9.166666666666666
4.0
10.0
10.0
9.333333333333334
10.0
10.0
10.0
10.0
10.0
9.0
10.0
10.0
9.936170212765957
10.0
10.0
10.0
10.0
10.0
10.0
10.0
10.0
10.0
10.0
9.222222222222221
10.0
10.0
10.0
8.368421052631579
10.0
10.0
10.0
10.0
10.0
10.0
10.0
10.0
10.0
10.0
7.666666666666667
10.0
10.0
10.0
10.0
7.0
10.0
10.0
10.0
10.0
9.0
10.0
10.0
10.0
10.0
10.0
10.0
10.0
10.0
9.0
8.2
10.0
10.0
10.0
9.0
10.0
10.0
10.0
10.0
10.0
10.0
9.75
10.0
10.0
9.8
10.0
10.0
10.0
10.0
10.0
10.0
9.0
10.0
8.0
9.0
10.0
9.0
10.0
9.1
10.0
10.0
10.0
10.0
9.714285714285714
10.0
9.791666666666666
8.0
10.0
8.2
10.0
10.0
10.0
10.0
9.9375
10.0
10.0
10.0
10.0
10.0
9.5
10.0
10.0
10.0
1.0
10.0
10.0
9.666666666666666
10.0
10.0
10.0
9.0
10.0
10.0
7.75
10.0
10.0
10.0
1.0
10.0
10.0
10.0
10.0
9.666666666666666
9.625
9.5
10.0
6.0
5.0
10.0
10.0
7.0
10.0
10.0
10.0
10.0
10.0
10.0
9.0
10.0
10.0
10.0
9.6
10.0
10.0
10.0
7.0
10.0
10.0
10.0
10.0
10.0
10.0
9.0
10.0
10.0
10.0
10.0
10.0
10.0
8.0
10.0
9.5
10.0
10.0
9.357142857142858
10.0
9.75
10.0
1.0
10.0
10.0
10.0
10.0
10.0
10.0
10.0
9.5
9.0
8.972222222222221
10.0
10.0
9.0
10.0
10.0
1.0
10.0
10.0
10.0
9.818181818181818
10.0
10.0
10.0
10.0
10.0
8.714285714285714
10.0
10.0
7.0
10.0
7.0
10.0
10.0
10.0
8.0
9.777777777777779
8.571428571428571
8.875
10.0
9.4
10.0
10.0
10.0
10.0
1.0
10.0
10.0
10.0
10.0
10.0
7.333333333333333
10.0
10.0
10.0
10.0
9.5
10.0
7.0
10.0
10.0
8.625
10.0
8.333333333333334
10.0
10.0
10.0
10.0
10.0
2.0
10.0
10.0
7.636363636363637
7.5
10.0
10.0
8.846153846153847
10.0
10.0
9.0
10.0
10.0
10.0
10.0
9.5
1.0
10.0
8.6
10.0
10.0
8.666666666666666
7.0
10.0
10.0
10.0
3.0
10.0
10.0
10.0
10.0
10.0
9.8
10.0
10.0
5.5
9.333333333333334
10.0
9.0
10.0
10.0
10.0
9.983333333333333
10.0
10.0
10.0
10.0
8.0
8.0
10.0
10.0
5.5
10.0
10.0
10.0
1.0
10.0
10.0
10.0
10.0
10.0
10.0
10.0
10.0
10.0
10.0
10.0
0
10.0
10.0
10.0
10.0
9.2
10.0
9.857142857142858
8.333333333333334
10.0
10.0
10.0
10.0
10.0
10.0
7.0
8.666666666666666
10.0
10.0
10.0
10.0
10.0
10.0
10.0
7.75
10.0
10.0
7.0
10.0
9.0
10.0
10.0
10.0
10.0
10.0
10.0
10.0
10.0
5.5
10.0
10.0
10.0
10.0
10.0
10.0
9.0
10.0
9.857142857142858
9.4
5.090909090909091
8.0
10.0
8.333333333333334
10.0
10.0
10.0
10.0
10.0
10.0
10.0
4.5
10.0
9.5
10.0
10.0
10.0
10.0
10.0
8.428571428571429
10.0
10.0
10.0
10.0
10.0
10.0
10.0
8.9
9.625
1.0
9.666666666666666
10.0
10.0
9.0
4.0
10.0
10.0
10.0
10.0
9.909090909090908
9.5
9.0
10.0
10.0
10.0
10.0
10.0
10.0
10.0
7.333333333333333
7.5
10.0
10.0
9.75
10.0
10.0
10.0
6.666666666666667
10.0
10.0
10.0
10.0
9.666666666666666
10.0
10.0
9.5
10.0
5.0
10.0
10.0
10.0
10.0
10.0
9.666666666666666
10.0
10.0
10.0
10.0
10.0
10.0
10.0
10.0
7.0
10.0
8.0
10.0
10.0
10.0
10.0
10.0
7.75
10.0
10.0
9.608695652173912
9.757575757575758
10.0
10.0
10.0
10.0
10.0
10.0
10.0
10.0
4.0
9.0
10.0
10.0
10.0
9.0
10.0
10.0
9.5
5.0
10.0
10.0
10.0
10.0
10.0
10.0
6.0
10.0
10.0
10.0
10.0
6.333333333333333
10.0
8.875
10.0
9.75
10.0
10.0
9.666666666666666
10.0
10.0
10.0
10.0
10.0
0
9.25
10.0
10.0
10.0
9.5
10.0
9.634146341463415
10.0
10.0
10.0
10.0
9.272727272727273
10.0
5.5
10.0
5.5
10.0
10.0
10.0
10.0
10.0
10.0
10.0
10.0
10.0
10.0
10.0
10.0
10.0
10.0
10.0
10.0
10.0
10.0
