374
505
**********************************
277
505
623
555
258
577
52
116
507
125
261
449
134
************************************
549
623
44
574
154
577
52
158
220
172
642
407
27
-1
516
196
483
40
250
0
602
52
185
226
278
172
390
144
605
-1
393
160
610
318
587
99
105
143
482
636
357
125
11
169
172
44
191
-1
2
557
-1
128
**********************************
374
623
633
271
636
577
311
611
229
325
560
231
390
-1
481
540
497
34
487
0
263
106
185
610
0
257
76
168
522
-1
393
638
245
443
415
99
501
81
482
636
5
625
62
169
444
646
191
-1
187
557
-1
128
600
260
168
435
623
595
540
297
113
624
255
330
419
362
131
304
209
646
56
627
274
314
76
651
615
367
482
171
547
382
581
621
90
402
623
282
356
187
126
367
168
295
159
90
597
-1
209
383
623
15
443
-1
535
330
449
231
410
390
526
518
459
318
636
144
298
309
330
482
289
289
209
545
57
99
45
636
410
150
295
82
289
90
577
353
169
549
330
215
372
0
636
489
457
305
27
107
515
117
445
544
505
429
329
321
505
22
555
113
628
595
168
443
249
414
160
410
505
-1
374
505
371
552
545
530
321
6
151
314
235
118
487
333
113
277
61
482
295
-1
393
303
482
577
112
144
151
623
470
35
395
505
233
627
321
130
482
304
203
489
66
246
257
367
-1
487
604
471
374
144
45
151
170
40
113
484
263
418
250
172
504
625
25
555
24
131
630
511
477
44
189
645
41
505
414
187
489
168
44
18
117
448
357
393
106
151
535
18
42
317
587
1
298
646
577
115
297
249
555
75
-1
233
125
602
623
602
607
602
34
-1
310
488
554
126
357
393
482
90
-1
567
624
390
577
130
442
487
-1
207
619
168
623
29
27
76
610
-1
565
131
274
144
577
406
6
327
413
40
472
535
465
623
543
449
527
278
170
-1
170
482
118
257
535
645
540
209
402
643
71
-1
192
214
218
144
72
505
559
111
118
80
554
179
235
565
60
543
89
212
118
282
516
481
-1
453
614
263
192
72
123
113
524
370
621
654
338
298
353
212
482
505
224
654
274
487
577
284
91
489
566
32
633
89
-1
34
170
124
471
168
623
292
423
219
444
489
627
75
168
90
573
482
623
577
172
272
487
25
106
201
60
60
646
17
170
146
416
136
209
535
16
129
414
367
393
125
520
295
346
166
577
632
235
172
619
81
182
589
292
38
477
445
44
587
16
505
344
565
453
643
57
274
479
623
37
330
274
258
19
115
475
206
38
112
640
577
326
602
488
419
123
470
249
470
371
651
490
563
554
87
144
327
544
159
118
138
630
75
187
654
72
563
-1
535
623
540
361
168
169
565
215
485
217
445
625
298
81
292
573
187
436
601
187
548
488
118
139
264
325
559
111
353
107
144
623
614
295
484
126
600
264
393
144
535
138
156
145
69
653
229
18
487
219
637
185
168
-1
325
115
557
610
274
472
89
393
325
393
491
97
278
645
276
560
185
54
497
512
623
269
535
40
526
560
548
168
655
125
120
219
555
367
203
330
-1
151
580
648
187
555
81
58
623
643
117
269
123
131
196
205
65
554
17
72
139
585
169
587
417
56
431
118
477
304
413
454
101
170
330
144
303
106
144
29
209
192
482
424
435
646
504
-1
113
547
393
26
72
286
382
328
581
99
455
192
580
187
543
386
418
505
627
556
295
602
510
89
297
465
431
129
442
623
563
518
535
58
540
337
630
577
439
5
257
528
232
237
622
118
443
623
19
390
497
64
472
646
470
29
126
263
401
325
0
353
497
357
168
371
76
121
57
307
539
435
356
618
106
580
623
41
318
602
277
192
526
168
485
548
622
261
544
337
330
197
393
505
388
487
487
266
136
293
203
414
563
247
298
544
284
489
131
143
209
144
196
291
501
6
488
250
472
170
272
490
646
627
301
144
218
144
-1
488
199
468
1
455
505
614
17
209
103
185
201
90
329
535
106
118
35
207
112
505
393
118
126
374
132
304
169
390
143
96
149
566
168
419
73
27
255
505
624
444
443
-1
-1
282
419
112
488
245
553
363
172
466
318
201
577
509
586
555
530
327
403
229
536
442
445
104
581
192
586
155
340
41
563
172
577
2
345
327
60
65
526
109
583
184
577
479
371
292
113
622
628
348
497
203
623
75
557
166
203
539
159
-1
654
5
2
543
577
469
546
577
104
107
44
209
400
488
321
314
205
481
505
98
385
292
228
284
134
475
118
82
443
194
587
257
554
327
497
419
505
471
543
44
444
403
298
505
374
602
301
518
400
274
209
2
257
317
-1
505
471
189
44
118
472
72
472
282
410
554
478
510
249
555
544
278
269
16
482
155
554
651
565
330
-1
144
280
-1
477
482
118
229
292
209
56
214
651
255
203
622
53
45
37
238
418
194
17
614
482
23
444
172
357
263
650
206
435
57
268
142
229
207
-1
156
279
346
528
168
118
282
415
471
627
636
547
209
545
107
278
57
355
172
